1628249877.405813 0.000048 -0.000186 0.001243 0.008173 -0.003594 0.000070 0.999960
1628249884.820196 0.463660 0.045477 0.002515 0.008102 -0.002733 -0.092618 0.995665
1628249885.822165 0.802176 0.018238 0.002702 0.007279 -0.001922 -0.181084 0.983439
1628249886.724029 1.109366 -0.060360 0.009470 0.007555 -0.001326 -0.266011 0.963939
1628249887.325241 1.430409 -0.205373 0.004550 0.005960 -0.000467 -0.350870 0.936405
1628249887.926322 1.777177 -0.456775 0.000645 0.005323 0.001487 -0.436445 0.899714
1628249889.729799 2.397934 -1.287151 -0.016142 0.009825 0.002894 -0.490659 0.871291
1628249891.633466 2.935801 -2.198392 -0.035481 0.010355 0.002585 -0.550660 0.834661
1628249893.136514 3.330060 -3.131501 -0.052362 0.011644 0.001221 -0.596599 0.802454
1628249894.539122 3.608925 -4.097120 -0.070927 0.010596 -0.000117 -0.596643 0.802437
1628249895.340718 3.772167 -4.670894 -0.078678 0.007065 0.000782 -0.515967 0.856579
1628249896.142235 4.093595 -5.242066 -0.087635 0.004052 -0.000569 -0.433187 0.901295
1628249897.444809 4.802216 -6.047242 -0.094237 0.005498 -0.002323 -0.350191 0.936659
1628249898.647216 5.632237 -6.715247 -0.099435 0.010328 -0.002805 -0.333814 0.942578
1628249900.049956 6.446969 -7.388138 -0.099548 0.014388 -0.002502 -0.368041 0.929695
1628249901.652967 7.248655 -8.128957 -0.109847 0.013503 -0.001022 -0.391898 0.919909
1628249902.655006 7.967282 -8.867231 -0.122918 0.007923 -0.010818 -0.409281 0.912310
1628249903.556688 8.652763 -9.623259 -0.137735 0.015487 0.020757 -0.418465 0.907864
1628249904.458486 9.316633 -10.407281 -0.132364 0.020941 0.008911 -0.408968 0.912265
1628249905.359238 10.043576 -11.174029 -0.158245 0.012134 -0.002603 -0.396107 0.918120
1628249906.161748 10.814202 -11.948551 -0.160369 0.008307 -0.003928 -0.379709 0.925061
1628249906.863221 11.644673 -12.730976 -0.154992 0.009007 -0.001985 -0.363063 0.931719
1628249907.464308 12.413937 -13.418031 -0.174514 0.012071 -0.003262 -0.345673 0.938272
1628249908.065472 13.255982 -14.104915 -0.180707 0.011832 -0.004187 -0.330832 0.943606
1628249908.666677 14.144409 -14.802338 -0.174102 0.009431 -0.003127 -0.324072 0.945980
1628249909.267919 15.080112 -15.495113 -0.197986 0.006450 0.000810 -0.323717 0.946132
1628249909.868982 16.041048 -16.194955 -0.186899 0.001174 0.001941 -0.358775 0.933421
1628249910.473026 16.900523 -16.978737 -0.207930 0.001772 0.005635 -0.409090 0.912475
1628249911.071306 17.691834 -17.859696 -0.218198 0.001061 0.003374 -0.444982 0.895532
1628249911.672474 18.376531 -18.805705 -0.226879 0.009177 -0.002421 -0.412963 0.910698
1628249912.173475 19.072967 -19.544270 -0.237907 0.013063 -0.001848 -0.340331 0.940213
1628249912.774627 20.004235 -20.245014 -0.243522 0.009717 -0.000151 -0.318173 0.947983
1628249913.275615 20.829140 -20.838588 -0.248378 0.005198 -0.001180 -0.352290 0.935876
1628249913.876770 21.723200 -21.604963 -0.253429 0.007122 0.000846 -0.383598 0.923472
1628249914.477956 22.554727 -22.432003 -0.264302 0.006873 -0.001294 -0.406921 0.913437
1628249915.079113 23.343962 -23.295610 -0.273874 0.008069 -0.000940 -0.426830 0.904296
1628249915.580109 24.005680 -24.067007 -0.282464 0.008470 -0.000294 -0.449886 0.893046
1628249916.181375 24.695825 -25.004606 -0.298985 0.008661 -0.001512 -0.475422 0.879714
1628249916.682264 25.259597 -25.830206 -0.306900 0.007127 0.000320 -0.478138 0.878256
1628249917.283406 25.917419 -26.826734 -0.315160 0.009533 -0.000880 -0.444565 0.895696
1628249917.884586 26.665267 -27.755360 -0.327179 0.011495 -0.002063 -0.399547 0.916638
1628249918.486000 27.474567 -28.607405 -0.331264 0.012814 -0.003835 -0.330931 0.943560
1628249918.986648 28.268905 -29.223958 -0.335212 0.014890 -0.003356 -0.268500 0.963159
1628249919.587224 29.313186 -29.811891 -0.339660 0.011851 -0.003315 -0.241007 0.970445
1628249920.091009 30.232528 -30.267801 -0.344759 0.005513 0.001289 -0.283852 0.958852
1628249920.589845 31.086952 -30.808709 -0.352044 0.003326 0.003115 -0.340858 0.940104
1628249921.090817 31.878302 -31.464592 -0.354302 0.004192 0.005064 -0.383804 0.923391
1628249921.591808 32.597180 -32.173175 -0.371377 0.005063 0.004073 -0.418146 0.908357
1628249922.192974 33.322949 -32.994946 -0.381832 0.004575 0.006347 -0.454461 0.890732
1628249922.894369 33.957747 -33.843133 -0.396956 0.008093 0.007289 -0.487993 0.872780
1628249923.796088 34.521459 -34.759815 -0.420713 0.009706 0.005231 -0.511753 0.859062
1628249924.597743 35.041484 -35.685928 -0.441611 0.005955 -0.001767 -0.525516 0.850761
1628249925.299079 35.547433 -36.672097 -0.458471 0.009296 0.006568 -0.532008 0.846663
1628249925.900197 36.024175 -37.603167 -0.474616 0.015922 0.000462 -0.463967 0.885709
1628249926.501384 36.654485 -38.491473 -0.502071 0.016941 0.000822 -0.394924 0.918557
1628249927.102525 37.390932 -39.238376 -0.511214 0.017720 -0.000319 -0.324867 0.945594
1628249927.803932 38.259472 -39.886585 -0.523784 0.020208 0.002313 -0.236221 0.971486
1628249928.304878 38.817083 -40.194472 -0.527834 0.021662 -0.001472 -0.148984 0.988601
1628249928.805847 39.346335 -40.377191 -0.529600 0.019878 -0.005971 -0.042435 0.998884
1628249929.206911 39.808741 -40.426521 -0.527912 0.018240 -0.007091 0.059779 0.998020
1628249929.607404 40.328244 -40.386201 -0.517097 0.018176 -0.006530 0.176490 0.984113
1628249929.908019 40.711290 -40.283937 -0.511996 0.017983 -0.008209 0.275346 0.961142
1628249930.208585 41.086125 -40.093563 -0.503973 0.016424 -0.006587 0.376975 0.926054
1628249930.609359 41.524047 -39.687062 -0.501384 0.010336 -0.001500 0.466059 0.884692
1628249931.711524 42.050842 -38.835586 -0.474113 -0.002686 0.005474 0.491701 0.870743
1628249936.019900 41.775289 -39.461913 -0.487798 0.001587 -0.004258 0.565780 0.824544
1628249937.522686 41.660790 -40.002019 -0.496122 0.001921 -0.008847 0.636420 0.771290
1628249940.428529 41.635700 -40.408554 -0.509487 0.008842 -0.018282 0.701407 0.712472
1628249941.330257 41.604972 -39.283780 -0.492098 0.005995 -0.009177 0.758239 0.651884
1628249942.031603 41.431650 -38.256826 -0.477928 0.004388 0.001175 0.795870 0.605451
1628249943.334224 41.140246 -37.267694 -0.468521 0.002271 -0.000073 0.834956 0.550311
1628249944.436321 40.778099 -36.484800 -0.462633 0.006374 -0.002477 0.884099 0.467250
1628249945.340007 40.145401 -35.620653 -0.449045 0.004700 -0.001715 0.921216 0.389019
1628249946.239792 39.394699 -34.907450 -0.438233 0.007135 -0.002814 0.950220 0.311485
1628249947.241771 38.520957 -34.294288 -0.426178 0.006263 -0.003758 0.972088 0.234503
1628249948.143676 37.591031 -33.841185 -0.413622 0.004601 -0.000772 0.987077 0.160180
1628249948.945076 36.587741 -33.557806 -0.405124 0.004292 -0.000280 0.994034 0.108990
1628249949.746628 35.497355 -33.299701 -0.395198 0.004401 -0.007027 0.983058 0.183105
1628249950.448002 34.568228 -32.941964 -0.386308 0.004128 -0.007825 0.962950 0.269535
1628249951.149515 33.671307 -32.394685 -0.376470 0.004521 -0.009073 0.931975 0.362381
1628249951.850725 32.852931 -31.624705 -0.362653 0.005813 -0.009586 0.909115 0.416393
1628249952.451901 32.147603 -30.812275 -0.353646 0.006449 -0.009080 0.891086 0.453697
1628249953.053823 31.487888 -29.851470 -0.341650 0.006209 -0.005342 0.897706 0.440518
1628249953.654295 30.739889 -28.949456 -0.330881 0.004584 -0.003249 0.913798 0.406130
1628249954.155206 30.060372 -28.213470 -0.316505 0.003283 -0.004035 0.922604 0.385714
1628249954.656199 29.349817 -27.492968 -0.310725 0.003224 -0.004741 0.931586 0.363476
1628249955.157159 28.584250 -26.812356 -0.305770 0.002567 -0.006383 0.938359 0.345594
1628249955.658142 27.780062 -26.143584 -0.298996 0.001873 -0.006119 0.944030 0.329799
1628249956.158317 26.979660 -25.503982 -0.286727 0.000886 -0.005673 0.949911 0.312469
1628249956.660075 26.116057 -24.896930 -0.289251 -0.000454 -0.006239 0.954877 0.296935
1628249957.161077 25.249955 -24.326226 -0.287278 0.000804 -0.007956 0.958607 0.284619
1628249957.662054 24.391020 -23.777737 -0.281845 0.001286 -0.009333 0.959883 0.280244
1628249958.163034 23.488222 -23.238497 -0.270386 -0.001041 -0.011614 0.948829 0.315575
1628249958.664021 22.644227 -22.635075 -0.275721 -0.002130 -0.014842 0.927623 0.373218
1628249959.164966 21.905192 -21.907792 -0.262744 0.000247 -0.014121 0.911838 0.410306
1628249959.665966 21.196503 -21.129042 -0.255048 -0.001090 -0.010992 0.897063 0.441764
1628249960.166972 20.549098 -20.309264 -0.247806 0.001946 -0.011074 0.881725 0.471630
1628249960.667910 19.961875 -19.440084 -0.233770 0.000986 -0.009113 0.869728 0.493447
1628249961.168866 19.429295 -18.547172 -0.224985 0.002655 0.000488 0.905371 0.424612
1628249961.669857 18.725155 -17.758611 -0.222723 0.001462 0.000667 0.936723 0.350068
1628249962.271026 17.817546 -16.999871 -0.210849 0.000857 0.000765 0.964109 0.265505
1628249962.872216 16.928421 -16.499633 -0.191870 -0.003273 0.002865 0.983627 0.180165
1628249963.673851 16.049892 -16.188261 -0.204733 -0.007129 -0.001275 0.995763 0.091671
1628249964.375162 15.460995 -16.062904 -0.201332 -0.007712 -0.004504 0.999960 -0.000129
1628249966.579432 15.392028 -16.002447 -0.202896 -0.009337 -0.010085 0.995050 -0.098418
1628249967.180814 15.807821 -15.827627 -0.199607 -0.004258 -0.010367 0.981682 -0.190194
1628249967.781955 16.193011 -15.574401 -0.197782 -0.003377 -0.006286 0.959478 -0.281694
1628249968.483112 16.550519 -15.248690 -0.194271 -0.001481 -0.004121 0.926951 -0.375158
1628249969.184489 16.799623 -14.902520 -0.189704 -0.001492 -0.006859 0.890176 -0.455563
1628249970.386837 16.756333 -14.882206 -0.196485 -0.006121 -0.001974 -0.836214 0.548365
1628249970.687407 16.562378 -15.206402 -0.199010 -0.002793 -0.009103 -0.764534 0.644513
1628249970.887802 16.474269 -15.475849 -0.191275 0.006385 -0.009055 -0.698921 0.715113
1628249971.188189 16.449708 -15.948074 -0.203327 0.009820 -0.008432 -0.620945 0.783747
1628249971.889782 16.732103 -16.981016 -0.210105 0.013502 0.006180 -0.576791 0.816757
1628249973.593074 17.070520 -17.948479 -0.232856 0.007791 -0.003827 -0.535554 0.844456
1628249973.993861 17.217888 -18.337692 -0.241861 0.009786 -0.005309 -0.455794 0.890016
1628249974.695217 17.787118 -19.081522 -0.247492 0.007931 -0.006489 -0.368079 0.929738
1628249975.396586 18.545126 -19.760336 -0.248512 0.012480 -0.005618 -0.291719 0.956406
1628249976.098001 19.393789 -20.292385 -0.253202 0.011728 -0.000187 -0.290057 0.956937
1628249976.899547 20.289002 -20.895913 -0.260504 0.011624 -0.001738 -0.329391 0.944120
1628249977.701072 21.154546 -21.576120 -0.267579 0.011587 -0.000861 -0.366030 0.930530
1628249978.402545 21.912407 -22.259149 -0.273963 0.010159 -0.003757 -0.396052 0.918164
1628249979.103880 22.684969 -23.072548 -0.280503 0.011325 -0.004159 -0.422947 0.906074
1628249979.704978 23.359337 -23.865844 -0.296165 0.009442 -0.000104 -0.442985 0.896479
1628249980.306185 24.024355 -24.699657 -0.299362 0.008876 -0.000447 -0.430514 0.902540
1628249980.907325 24.715497 -25.519736 -0.310517 0.008349 -0.002636 -0.385390 0.922712
1628249981.508504 25.476414 -26.260596 -0.318115 0.009442 -0.002465 -0.346531 0.937988
1628249982.109659 26.304690 -26.949623 -0.319103 0.007013 -0.001225 -0.346902 0.937874
1628249982.710844 27.156406 -27.650190 -0.327666 0.006088 -0.002073 -0.350171 0.936664
1628249983.312000 28.029537 -28.385055 -0.336947 0.003093 0.000294 -0.350165 0.936683
1628249983.913173 28.909763 -29.122066 -0.339933 0.004396 -0.001319 -0.358992 0.933329
1628249984.517551 29.796150 -29.892095 -0.344061 0.006313 0.001614 -0.380932 0.924580
1628249985.115518 30.622229 -30.685759 -0.353495 0.005878 0.004001 -0.394043 0.919064
1628249985.716689 31.430359 -31.517404 -0.371735 0.008236 0.002328 -0.406448 0.913634
1628249986.319219 32.241309 -32.380287 -0.389918 0.008272 0.002014 -0.417011 0.908861
1628249986.821927 32.926002 -33.145335 -0.398372 0.009219 0.001534 -0.424498 0.905381
1628249987.319797 33.572938 -33.919084 -0.411667 0.009483 0.003201 -0.431657 0.901982
1628249987.820897 34.221043 -34.707901 -0.425412 0.010324 0.002947 -0.428827 0.903323
1628249988.321594 34.899147 -35.484843 -0.448007 0.009145 -0.002370 -0.410218 0.911939
1628249988.822606 35.575169 -36.229268 -0.455678 0.016139 0.005967 -0.367262 0.929958
1628249989.323702 36.317089 -36.922381 -0.472429 0.016896 -0.000049 -0.307104 0.951526
1628249989.824730 37.154994 -37.492630 -0.493638 0.015078 -0.000629 -0.266888 0.963609
1628249990.425853 38.201586 -38.097202 -0.495482 0.008263 0.001909 -0.324636 0.945801
1628249990.826663 38.888050 -38.584597 -0.496210 0.003930 0.005560 -0.405827 0.913925
1628249991.427819 39.644209 -39.465762 -0.520493 0.007329 0.004986 -0.467146 0.884136
1628249992.028979 40.309540 -40.370313 -0.537440 0.015731 0.002259 -0.418527 0.908065
1628249992.630193 40.881273 -41.068810 -0.543616 0.019400 -0.001833 -0.327916 0.944506
1628249993.231353 41.421605 -41.505294 -0.548710 0.016744 -0.003318 -0.235684 0.971680
1628249993.732304 41.854717 -41.725433 -0.547891 0.014196 -0.004787 -0.148727 0.988765
1628249994.233490 42.349069 -41.900342 -0.545780 0.012310 -0.004363 -0.043616 0.998963
1628249994.634209 42.796872 -41.960928 -0.540826 0.012398 -0.005412 0.055727 0.998354
1628249995.035385 43.318645 -41.920545 -0.536333 0.013696 -0.004743 0.163444 0.986446
1628249995.335851 43.716410 -41.813567 -0.532188 0.013177 -0.005592 0.253843 0.967139
1628249995.636022 44.102487 -41.635716 -0.519718 0.011738 -0.003706 0.352036 0.935906
1628249996.437600 44.819665 -40.879253 -0.507057 0.001028 -0.000816 0.408015 0.912974
1628250002.149507 44.545422 -41.342951 -0.515150 0.001749 -0.006248 0.486093 0.873883
1628250014.773322 44.974549 -40.415806 -0.498884 0.001238 -0.004631 0.528035 0.849209
1628250019.081706 44.912553 -40.722494 -0.505597 -0.000872 -0.004654 0.600315 0.799749
1628250019.783052 44.862026 -41.176567 -0.512658 -0.001673 -0.008803 0.671104 0.741309
1628250020.484419 44.891541 -41.651857 -0.520434 0.000681 -0.007551 0.742847 0.669419
1628250021.085410 45.005582 -42.051933 -0.521588 -0.000985 -0.008358 0.799192 0.601017
1628250021.686764 45.184253 -42.411732 -0.527888 -0.001004 -0.010122 0.849263 0.527872
1628250022.388123 45.470254 -42.778761 -0.528743 -0.001519 -0.012733 0.893300 0.449277
1628250023.991278 45.173892 -42.383632 -0.525084 0.004609 -0.010963 0.933987 0.357108
1628250024.792818 44.348113 -41.730245 -0.522974 0.001285 -0.008412 0.954261 0.298854
1628250025.594389 43.508605 -41.163551 -0.518766 -0.000243 -0.008228 0.953618 0.300908
1628250026.496135 42.640175 -40.578229 -0.518519 0.002216 -0.010841 0.954197 0.298976
1628250027.297687 41.760889 -39.987970 -0.512594 -0.000255 -0.011949 0.955133 0.295936
1628250027.999069 40.862991 -39.409917 -0.514503 0.001144 -0.012488 0.956669 0.290907
1628250028.700423 39.903506 -38.777607 -0.504300 0.002466 -0.011600 0.957128 0.289423
1628250029.402007 38.963160 -38.172106 -0.498171 0.001708 -0.011172 0.957300 0.288875
1628250030.103182 37.985297 -37.563279 -0.492228 0.003923 -0.012937 0.955098 0.295981
1628250030.704394 37.107196 -36.974511 -0.474330 0.003690 -0.013687 0.947441 0.319615
1628250031.306055 36.236477 -36.337542 -0.462551 0.007281 -0.015259 0.938044 0.346104
1628250031.906672 35.347366 -35.597106 -0.436634 -0.002608 -0.012537 0.926646 0.375718
1628250032.507870 34.476419 -34.767684 -0.440979 0.002500 -0.015222 0.913607 0.406305
1628250033.109040 33.691692 -33.873945 -0.421244 0.001799 -0.014296 0.903047 0.429300
1628250033.610042 33.001987 -33.103693 -0.400619 0.001250 -0.013256 0.895575 0.444712
1628250034.110985 32.393609 -32.289717 -0.383392 0.004230 -0.011925 0.888401 0.458893
1628250034.611997 31.769899 -31.485244 -0.368070 0.004977 -0.008035 0.888373 0.459026
1628250035.112918 31.150515 -30.645471 -0.356192 0.004025 -0.009197 0.902961 0.429605
1628250035.613899 30.513008 -29.874821 -0.348855 0.003294 -0.005755 0.917147 0.398494
1628250036.114937 29.790458 -29.122509 -0.335077 0.002013 -0.004918 0.930781 0.365539
1628250036.615942 29.022638 -28.411501 -0.324665 0.000667 -0.006054 0.943077 0.332519
1628250037.116907 28.231011 -27.779334 -0.328994 -0.001314 -0.009415 0.945705 0.324888
1628250037.617813 27.420333 -27.161988 -0.321728 -0.000621 -0.012317 0.935746 0.352460
1628250038.118772 26.595957 -26.478227 -0.310905 -0.000812 -0.012162 0.928214 0.371847
1628250038.619765 25.840474 -25.765449 -0.308726 -0.001846 -0.011835 0.920601 0.390320
1628250039.120711 25.083763 -25.029500 -0.307167 -0.001278 -0.012725 0.913772 0.406026
1628250039.621039 24.376968 -24.265955 -0.292587 0.000328 -0.012487 0.906336 0.422372
1628250040.122679 23.705903 -23.474411 -0.285692 -0.000879 -0.010865 0.899273 0.437252
1628250040.623661 23.039244 -22.654190 -0.281476 -0.000912 -0.010283 0.891785 0.452342
1628250041.124632 22.393901 -21.811865 -0.267096 0.001438 -0.010689 0.886667 0.462282
1628250041.625677 21.783352 -20.958525 -0.254402 -0.000030 -0.007818 0.889150 0.457549
1628250042.126625 21.167426 -20.118964 -0.246055 0.002479 -0.005303 0.909276 0.416153
1628250042.627577 20.474410 -19.313967 -0.238246 0.002947 -0.002629 0.930148 0.367163
1628250043.128542 19.712642 -18.616107 -0.229227 0.001461 -0.001708 0.947339 0.320226
1628250043.629545 18.881198 -18.011904 -0.226115 -0.000235 -0.004257 0.949512 0.313701
1628250044.130500 18.029938 -17.405965 -0.222708 0.000197 -0.006678 0.937220 0.348676
1628250044.631473 17.227188 -16.717984 -0.213923 0.009453 -0.011926 0.918119 0.396013
1628250045.132441 16.518511 -15.966541 -0.197304 0.001079 -0.006470 0.894152 0.447715
1628250045.633437 15.878794 -15.156774 -0.199113 -0.000719 -0.012451 0.863859 0.503580
1628250046.134415 15.362852 -14.261925 -0.184039 0.001102 -0.010088 0.836699 0.547570
1628250046.636339 14.940410 -13.337686 -0.172123 -0.001396 -0.007971 0.825269 0.564682
1628250047.537146 14.560449 -12.365737 -0.151333 -0.002817 -0.000966 0.853114 0.521716
1628250048.939910 14.319337 -11.854643 -0.157918 0.007553 -0.010288 0.901793 0.431980
1628250049.340665 14.048724 -11.501104 -0.146373 0.012672 -0.010084 0.937612 0.347305
1628250049.741423 13.670046 -11.116724 -0.134487 0.000122 0.002095 0.968638 0.248469
1628250050.142205 13.159827 -10.816256 -0.144419 0.000954 0.003281 0.988869 0.148748
1628250050.543004 12.610058 -10.622525 -0.135512 -0.002146 -0.000038 0.998636 0.052173
1628250050.943784 12.034332 -10.550403 -0.141640 -0.006957 0.002077 0.999195 -0.039446
1628250051.344540 11.532155 -10.571400 -0.151350 -0.007021 0.002110 0.991794 -0.127639
1628250051.845549 10.927984 -10.692046 -0.152991 -0.008222 0.000250 0.973530 -0.228413
1628250052.346508 10.402701 -10.968509 -0.165099 -0.012340 -0.001288 0.944065 -0.329527
1628250052.847471 9.944537 -11.305108 -0.181939 -0.012808 -0.000876 0.902726 -0.430025
1628250053.248724 9.614640 -11.642419 -0.188158 0.014998 0.000427 -0.858904 0.511917
1628250053.649056 9.381266 -12.057461 -0.207728 0.016489 -0.003622 -0.802374 0.596583
1628250054.049835 9.226944 -12.501669 -0.216443 0.016441 -0.005942 -0.734125 0.678790
1628250054.450611 9.154201 -12.955800 -0.221108 0.016689 -0.006930 -0.658036 0.752770
1628250054.951590 9.221022 -13.531026 -0.232173 0.017131 -0.006451 -0.579859 0.814511
1628250055.552752 9.448813 -14.204487 -0.239528 0.017725 -0.009570 -0.501590 0.864871
1628250056.154044 9.809685 -14.823644 -0.235104 0.019742 -0.002201 -0.419480 0.907547
1628250056.755097 10.275173 -15.374848 -0.252068 0.019777 -0.004499 -0.330149 0.943711
1628250057.356263 10.831998 -15.818253 -0.257326 0.019774 -0.005349 -0.238222 0.970995
1628250058.258630 11.819795 -16.269493 -0.252164 0.016708 -0.005398 -0.185976 0.982397
1628250059.159961 12.779387 -16.628385 -0.254167 0.016584 -0.004220 -0.209113 0.977742
1628250060.061590 13.717679 -17.024587 -0.252531 0.014455 -0.004432 -0.231259 0.972775
1628250060.963496 14.622624 -17.500988 -0.251218 0.014461 -0.003274 -0.291141 0.956565
1628250061.965549 15.495476 -18.079794 -0.251228 0.013673 -0.001195 -0.356400 0.934233
1628250062.967380 16.307008 -18.812232 -0.266746 0.013724 -0.004925 -0.277611 0.960583
1628250063.969172 17.271980 -19.349167 -0.260595 0.009255 -0.005423 -0.316042 0.948685
1628250064.770716 18.178087 -20.048686 -0.266588 0.009842 -0.004952 -0.366736 0.930260
1628250065.371889 18.950756 -20.737336 -0.271111 0.010633 -0.001200 -0.403632 0.914859
1628250065.973092 19.732275 -21.577196 -0.283548 0.009049 -0.001450 -0.438647 0.898613
1628250066.574226 20.432918 -22.470216 -0.293326 0.009731 0.000772 -0.475238 0.879803
1628250067.175407 21.028224 -23.405640 -0.306923 0.010095 -0.001292 -0.487339 0.873153
1628250067.676471 21.500714 -24.201731 -0.316892 0.017262 -0.002395 -0.401348 0.915760
1628250068.077156 21.990550 -24.709104 -0.324331 0.017980 -0.003845 -0.318699 0.947677
1628250068.678341 22.842287 -25.336496 -0.330475 0.015715 -0.004121 -0.241278 0.970320
1628250069.279561 23.793973 -25.800275 -0.332064 0.012651 -0.004244 -0.233421 0.972284
1628250069.880667 24.736893 -26.267264 -0.327052 0.011422 -0.004913 -0.228991 0.973349
1628250070.481855 25.726060 -26.742569 -0.325495 0.010279 -0.003346 -0.223211 0.974710
1628250071.083023 26.774081 -27.240249 -0.327730 0.011348 -0.003682 -0.189763 0.981757
1628250071.684186 27.893176 -27.626085 -0.333028 0.009769 -0.004156 -0.133919 0.990935
1628250072.185314 28.873351 -27.870693 -0.324932 0.001421 -0.000595 -0.208372 0.978049
1628250072.686125 29.808721 -28.274958 -0.325750 -0.002548 0.003085 -0.298729 0.954330
1628250073.287311 30.750317 -28.934681 -0.331358 -0.001470 0.005401 -0.357978 0.933713
1628250073.888495 31.541505 -29.630369 -0.344813 0.000488 0.008351 -0.394605 0.918813
1628250074.690056 32.250295 -30.370887 -0.355793 0.002883 0.008537 -0.421609 0.906733
1628250075.892542 32.911761 -31.149525 -0.370817 0.003014 0.007140 -0.446229 0.894885
1628250077.094994 33.558378 -32.000624 -0.387966 0.000767 0.005436 -0.467959 0.883733
1628250077.996504 34.134104 -32.827596 -0.403135 0.004562 0.006697 -0.486569 0.873604
1628250080.501369 34.694880 -33.714158 -0.413537 0.004181 0.005842 -0.503990 0.863680
1628250084.709569 35.232734 -34.653893 -0.433524 0.004688 0.000089 -0.513820 0.857885
1628250085.611334 35.721673 -35.600846 -0.444782 0.013768 0.002431 -0.463371 0.886054
1628250086.312715 36.229494 -36.313814 -0.467134 0.015641 -0.000005 -0.371529 0.928290
1628250087.014647 36.886192 -36.899485 -0.478317 0.014534 0.000551 -0.284678 0.958513
1628250087.815653 37.793928 -37.441769 -0.493514 0.010386 0.000733 -0.307225 0.951580
1628250088.517035 38.665052 -38.085560 -0.495896 0.007516 0.000462 -0.380389 0.924796
1628250089.118167 39.431320 -38.839447 -0.515861 0.009604 -0.000780 -0.394160 0.918992
1628250089.720748 40.224921 -39.671421 -0.535378 0.011914 -0.001911 -0.368430 0.929577
1628250090.320375 41.098159 -40.453927 -0.537490 0.014571 -0.004164 -0.336770 0.941465
1628250090.921667 42.031506 -41.193026 -0.539487 0.011143 -0.002909 -0.308342 0.951206
1628250091.522903 42.988385 -41.888111 -0.547693 0.012091 -0.004030 -0.242849 0.969980
1628250091.923630 43.662114 -42.252780 -0.545027 0.015811 -0.004048 -0.146683 0.989049
1628250092.324460 44.377008 -42.483228 -0.543659 0.017360 -0.004210 -0.036905 0.999159
1628250092.725207 45.096986 -42.556118 -0.535692 0.016724 -0.003930 0.078868 0.996737
1628250093.326372 46.125265 -42.316106 -0.530372 0.010929 -0.004579 0.165175 0.986193
1628250097.434674 46.036103 -42.438056 -0.528565 -0.000098 -0.006173 0.253542 0.967305
1628250098.336150 45.580602 -42.804151 -0.534553 -0.000237 -0.005640 0.347130 0.937800
1628250099.037506 45.228591 -43.225624 -0.548622 0.002588 -0.007681 0.436529 0.899653
1628250100.340044 45.118252 -43.451640 -0.558105 0.010659 -0.017193 0.516682 0.855938
1628250100.640865 45.292591 -43.221728 -0.557815 0.012706 -0.012794 0.589662 0.807448
1628250100.941204 45.439353 -42.894596 -0.546775 0.012615 -0.009348 0.679046 0.733928
1628250101.241817 45.507178 -42.490192 -0.537572 0.011433 -0.000912 0.767128 0.641392
1628250101.542384 45.457888 -42.056936 -0.536059 0.011436 0.002602 0.840405 0.541832
1628250101.844675 45.301541 -41.628272 -0.525677 0.006883 0.002397 0.895820 0.444358
1628250102.343936 44.840113 -41.060081 -0.516623 0.001766 -0.001906 0.932403 0.361411
1628250103.145510 44.047969 -40.350706 -0.510393 -0.000158 -0.002457 0.953192 0.302354
1628250104.347844 43.125887 -39.795641 -0.513448 0.002717 -0.004051 0.957634 0.287946
1628250105.249732 42.264389 -39.173630 -0.507581 0.001532 -0.005110 0.946181 0.323594
1628250105.950982 41.446751 -38.546757 -0.499461 0.002343 -0.004437 0.953735 0.300608
1628250106.652481 40.495565 -37.940921 -0.496785 0.002115 -0.005918 0.971750 0.235930
1628250107.253527 39.597924 -37.498391 -0.492772 0.003675 -0.007837 0.974568 0.223925
1628250107.954918 38.551602 -37.004248 -0.479965 0.005610 -0.006159 0.976241 0.216525
1628250108.556036 37.558613 -36.562203 -0.470973 0.004334 -0.010347 0.972814 0.231317
1628250109.157227 36.531724 -36.051642 -0.462065 0.004264 -0.008586 0.984538 0.174910
1628250109.757836 35.396047 -35.698560 -0.449427 -0.004280 -0.006651 0.986366 0.164377
1628250110.263483 34.437815 -35.402459 -0.450095 -0.000886 -0.020378 0.967176 0.253286
1628250110.660155 33.752954 -35.059257 -0.443780 0.001252 -0.023281 0.937750 0.346528
1628250111.061455 33.140497 -34.563359 -0.435415 -0.002379 -0.022650 0.898221 0.438955
1628250111.662101 32.467136 -33.645631 -0.421573 -0.002037 -0.018842 0.853952 0.520006
1628250112.263274 31.927969 -32.631661 -0.403820 0.001980 -0.018000 0.836067 0.548329
1628250112.864444 31.464466 -31.547353 -0.384452 0.001985 -0.011274 0.837237 0.546720
1628250113.465662 30.968783 -30.462657 -0.361103 0.004607 -0.010281 0.842440 0.538672
1628250113.966588 30.531334 -29.528225 -0.345830 0.004132 -0.003439 0.863972 0.503511
1628250114.469575 30.018276 -28.637988 -0.335434 0.003896 -0.001837 0.897632 0.440724
1628250114.968560 29.378916 -27.847781 -0.328215 0.002546 -0.001717 0.926409 0.376507
1628250115.469524 28.600879 -27.125828 -0.319913 0.001720 -0.005392 0.934077 0.357028
1628250115.970525 27.806813 -26.447783 -0.313020 0.001920 -0.006051 0.934034 0.357127
1628250116.472057 27.045140 -25.768694 -0.305334 0.001142 -0.006180 0.936127 0.351607
1628250116.972457 26.249694 -25.111989 -0.302409 -0.000199 -0.006641 0.933041 0.359710
1628250117.473429 25.454628 -24.412794 -0.298942 0.000373 -0.010625 0.914013 0.405545
1628250117.974991 24.727724 -23.634603 -0.283706 0.000980 -0.011012 0.894363 0.447206
1628250118.475644 24.099565 -22.808445 -0.281019 0.000355 -0.010312 0.875612 0.482905
1628250118.976380 23.525075 -21.930653 -0.267664 0.000144 -0.010282 0.857086 0.515071
1628250119.477378 23.082942 -20.982039 -0.258119 0.003081 -0.003364 0.889838 0.456253
1628250119.778448 22.726377 -20.472802 -0.256595 0.004438 0.003307 0.927142 0.374669
1628250120.078547 22.296029 -20.028539 -0.246089 0.001994 0.006883 0.959482 0.281679
1628250120.379115 21.791789 -19.661327 -0.258080 0.000558 0.007886 0.982566 0.185744
1628250120.880136 20.829345 -19.320436 -0.251399 0.000820 0.000440 0.991440 0.130561
1628250121.280863 20.039619 -19.173080 -0.245656 0.000561 -0.014527 0.975556 0.219269
1628250121.681658 19.285173 -18.826697 -0.234066 -0.002731 -0.015566 0.945975 0.323854
1628250122.082421 18.640905 -18.352487 -0.240286 -0.004552 -0.016119 0.907633 0.419430
1628250122.589082 17.978463 -17.557952 -0.226289 -0.001600 -0.011251 0.891521 0.452837
1628250123.084367 17.373847 -16.754313 -0.225238 0.007832 -0.012583 0.884205 0.466863
1628250123.685533 16.695031 -15.781097 -0.209271 -0.000795 -0.006403 0.876733 0.480935
1628250124.286710 16.095239 -14.828277 -0.193215 0.003839 0.000949 0.916509 0.399995
1628250124.687497 15.592612 -14.277093 -0.191300 0.005957 0.004252 0.955585 0.294624
1628250125.088278 15.005025 -13.851530 -0.183720 0.001985 0.004615 0.982469 0.186360
1628250125.489058 14.373211 -13.576449 -0.182460 -0.002405 0.003842 0.997274 0.073654
1628250125.789639 13.897357 -13.472201 -0.180417 -0.005862 0.005586 0.999809 -0.017808
1628250126.090222 13.423729 -13.466004 -0.192186 -0.009009 0.004115 0.993613 -0.112407
1628250126.391134 12.978273 -13.517450 -0.189396 -0.012310 0.002940 0.977528 -0.210427
1628250126.691407 12.588741 -13.645251 -0.193233 -0.009437 0.003703 0.952533 -0.304266
1628250127.593161 11.760240 -14.345880 -0.214973 -0.014449 -0.012739 0.970179 -0.241621
1628250130.699206 12.099507 -14.068897 -0.201116 -0.011410 -0.008907 0.941717 -0.336096
1628250131.300414 12.279590 -13.757118 -0.202373 -0.007607 -0.009843 0.907974 -0.418841
1628250132.001741 12.469146 -13.429197 -0.194825 -0.007813 -0.007348 0.866116 -0.499727
1628250132.803393 12.565797 -13.091150 -0.190913 0.008543 0.010864 -0.818779 0.573943
1628250133.705055 12.622116 -12.698618 -0.172997 0.009100 0.006597 -0.759392 0.650536
1628250134.506631 12.583901 -12.327483 -0.166825 0.008009 0.007485 -0.692542 0.721294
1628250135.208042 12.496886 -11.970718 -0.157794 0.010774 0.006650 -0.618279 0.785857
1628250135.809196 12.341198 -11.655533 -0.157484 0.002512 0.002313 -0.538269 0.842766
1628250137.211926 12.437007 -11.893586 -0.169865 0.007657 -0.005475 -0.447697 0.894136
1628250138.013791 13.203589 -12.733369 -0.187678 0.006000 -0.001386 -0.401981 0.915627
1628250138.614681 13.759704 -13.325827 -0.179774 0.004071 0.004164 -0.484904 0.874548
1628250139.616602 14.281169 -14.220919 -0.200203 0.002984 -0.001775 -0.510064 0.860130
1628250140.418156 14.832620 -15.152410 -0.202317 0.006993 0.000127 -0.423041 0.906084
1628250141.019322 15.545919 -15.946836 -0.218918 0.006462 -0.008684 -0.351182 0.936245
1628250141.620228 16.414127 -16.661667 -0.223243 0.009428 0.002399 -0.331931 0.943254
1628250142.221944 17.314959 -17.339137 -0.229097 0.010371 -0.002219 -0.232962 0.972428
1628250142.822849 18.362132 -17.851709 -0.229752 0.001783 -0.001512 -0.267072 0.963674
1628250143.323854 19.214371 -18.320897 -0.236658 -0.002258 0.001351 -0.353849 0.935299
1628250143.824820 19.957054 -18.953271 -0.238811 -0.004873 0.005873 -0.449470 0.893263
1628250144.325781 20.575987 -19.756156 -0.247301 -0.002785 0.006748 -0.523121 0.852227
1628250144.927021 21.103282 -20.816204 -0.268721 0.003183 0.002004 -0.532101 0.846672
1628250145.528123 21.664722 -21.871850 -0.283211 0.011955 0.001948 -0.499121 0.866448
1628250146.129298 22.249424 -22.828074 -0.293833 0.011018 0.001450 -0.470359 0.882405
1628250146.830693 22.878529 -23.723446 -0.300712 0.010322 0.003792 -0.441538 0.897175
1628250148.133329 23.520274 -24.527365 -0.314043 0.009099 0.002673 -0.416514 0.909080
1628250150.137121 24.190257 -25.269728 -0.325769 0.007318 -0.003807 -0.387868 0.921678
1628250151.039103 24.928724 -25.990842 -0.327171 0.008391 -0.003161 -0.357085 0.934029
1628250151.840450 25.709139 -26.666702 -0.329323 0.009149 -0.001235 -0.330910 0.943617
1628250152.642009 26.548646 -27.291808 -0.337164 0.007881 -0.001486 -0.340547 0.940193
1628250153.343350 27.384254 -27.960538 -0.343658 0.005587 -0.002771 -0.369390 0.929253
1628250153.944556 28.138189 -28.645447 -0.343541 0.006391 -0.000500 -0.387973 0.921648
1628250154.545732 28.880870 -29.401972 -0.352156 0.008682 0.000024 -0.403613 0.914889
1628250155.146877 29.637668 -30.209343 -0.365816 0.010774 0.000157 -0.407550 0.913119
1628250155.748037 30.405925 -31.070244 -0.376580 0.014410 0.000979 -0.365743 0.930604
1628250156.349230 31.214682 -31.761216 -0.391819 0.016447 -0.001008 -0.294807 0.955415
1628250156.950413 32.131775 -32.375937 -0.401344 0.014271 -0.000984 -0.241321 0.970340
1628250157.551557 33.161487 -32.869123 -0.399510 0.003266 0.002014 -0.296992 0.954872
1628250158.052579 33.984708 -33.444594 -0.412907 0.001333 0.005286 -0.353916 0.935261
1628250158.553840 34.763523 -34.081754 -0.425765 0.002211 0.005775 -0.397375 0.917635
1628250159.054709 35.467739 -34.817431 -0.444147 0.003791 -0.000169 -0.432701 0.901529
1628250159.555612 36.102576 -35.595668 -0.449067 0.007485 0.007933 -0.461240 0.887208
1628250160.057417 36.653204 -36.454672 -0.477330 0.012054 0.003966 -0.443896 0.895988
1628250160.557465 37.247523 -37.288394 -0.492143 0.014668 0.000755 -0.369505 0.929113
1628250161.058483 38.051735 -37.949286 -0.501886 0.016751 -0.000492 -0.285918 0.958108
1628250161.559377 38.941037 -38.451090 -0.518945 0.015122 0.000339 -0.243946 0.969671
1628250162.160548 39.997087 -39.005041 -0.517958 0.010103 -0.000823 -0.284555 0.958606
1628250162.664125 40.852476 -39.530577 -0.519934 0.006838 0.001355 -0.364490 0.931181
1628250163.362903 41.658917 -40.317412 -0.531868 0.008874 0.002620 -0.443817 0.896070
1628250164.064250 42.275062 -41.160665 -0.548977 0.009663 0.000431 -0.394702 0.918758
1628250164.565250 42.751799 -41.677136 -0.553444 0.011693 -0.002914 -0.295432 0.955288
1628250164.865824 43.087906 -41.959454 -0.557997 0.014741 -0.004893 -0.197418 0.980196
1628250165.166411 43.474526 -42.172985 -0.554996 0.018016 -0.005872 -0.079622 0.996645
1628250165.467275 43.942436 -42.286650 -0.548354 0.019706 -0.005544 0.049290 0.998575
1628250165.767586 44.443359 -42.260826 -0.552494 0.020062 -0.005272 0.168771 0.985437
1628250166.468950 45.394620 -41.847453 -0.524560 0.002015 0.001219 0.155702 0.987801
1628250169.274415 45.041036 -42.061228 -0.533418 0.003417 0.000640 0.245902 0.969288
1628250170.176171 44.683202 -42.345607 -0.539425 0.002105 -0.004547 0.332334 0.943148
1628250170.877532 44.373612 -42.706888 -0.553407 0.001063 -0.006832 0.425948 0.904721
1628250171.478724 44.174818 -43.091596 -0.563184 0.001338 -0.009222 0.511745 0.859087
1628250172.881467 44.250955 -43.023737 -0.566660 0.010185 -0.014516 0.602377 0.798015
1628250173.182361 44.369861 -42.744308 -0.557859 0.009871 -0.011731 0.672812 0.739655
1628250173.483265 44.435315 -42.381457 -0.545304 0.009228 -0.006687 0.747904 0.663709
1628250173.783279 44.423224 -41.989855 -0.543823 0.007064 -0.003018 0.818035 0.575117
1628250174.084739 44.325101 -41.595646 -0.530307 0.005167 0.000982 0.870097 0.492853
1628250174.584400 43.983078 -40.999654 -0.532378 0.004446 -0.000305 0.913943 0.405819
1628250175.386514 43.273723 -40.286201 -0.528224 0.003765 -0.003871 0.944491 0.328494
1628250176.288285 42.428732 -39.653302 -0.516446 0.000945 -0.003784 0.954941 0.296771
1628250177.089648 41.552453 -39.078631 -0.513000 0.002632 -0.008657 0.931426 0.363818
1628250177.791040 40.731029 -38.283526 -0.500863 0.004418 -0.009604 0.926640 0.375800
1628250178.392198 39.917700 -37.535364 -0.493868 0.004806 -0.006188 0.949946 0.312316
1628250178.993385 38.951553 -36.874912 -0.489130 0.005158 -0.008381 0.966734 0.255596
1628250179.494352 38.073814 -36.390773 -0.476558 0.005284 -0.009744 0.964873 0.262482
1628250179.995310 37.185220 -35.898126 -0.464085 0.003428 -0.012570 0.949959 0.312102
1628250180.596484 36.239264 -35.205516 -0.454594 0.001394 -0.016910 0.923068 0.384262
1628250181.197655 35.398497 -34.340785 -0.432876 0.002279 -0.011994 0.912522 0.408845
1628250181.698635 34.702019 -33.589266 -0.417025 0.003788 -0.008798 0.930015 0.367397
1628250182.299834 33.789698 -32.821206 -0.411010 0.003863 -0.007665 0.954423 0.298333
1628250182.800803 32.905974 -32.247167 -0.396687 0.002141 -0.011644 0.944658 0.327842
1628250183.301778 32.141663 -31.601987 -0.380742 0.004274 -0.011399 0.924845 0.380150
1628250183.802966 31.399197 -30.912702 -0.372159 0.001129 -0.012692 0.899286 0.437175
1628250184.303825 30.744955 -30.127230 -0.360272 0.003002 -0.012885 0.873717 0.486255
1628250184.804709 30.222273 -29.257349 -0.343922 0.003221 -0.005017 0.885995 0.463656
1628250185.305732 29.597901 -28.433099 -0.336300 0.002040 -0.001842 0.921099 0.389318
1628250185.808766 28.882656 -27.705673 -0.332514 0.002338 -0.003371 0.940536 0.339670
1628250186.307741 28.096488 -27.034897 -0.325359 -0.000263 -0.012680 0.910412 0.413509
1628250186.711187 27.499190 -26.439497 -0.316992 -0.001285 -0.015043 0.870620 0.491725
1628250187.209385 26.982413 -25.563451 -0.304820 0.000856 -0.008732 0.866959 0.498303
1628250187.712759 26.445406 -24.681138 -0.292499 0.001787 -0.003881 0.899229 0.437458
1628250188.211356 25.785644 -23.863630 -0.286877 0.002372 -0.004343 0.930113 0.367239
1628250188.712331 25.031213 -23.171953 -0.279567 0.002299 -0.007173 0.932271 0.361682
1628250189.213297 24.260788 -22.488145 -0.271019 0.000903 -0.006989 0.929219 0.369463
1628250189.714464 23.488120 -21.770198 -0.268440 0.000619 -0.007425 0.928260 0.371857
1628250190.215587 22.734064 -21.059847 -0.262032 0.000826 -0.007543 0.926567 0.376052
1628250190.716230 21.954751 -20.335129 -0.256970 -0.000282 -0.006734 0.921760 0.387703
1628250191.217195 21.212634 -19.588710 -0.243277 0.001530 -0.007077 0.920222 0.391330
1628250191.718157 20.474037 -18.834770 -0.243316 0.002687 -0.006062 0.918851 0.394548
1628250192.221636 19.751036 -18.097482 -0.229029 0.000412 -0.004562 0.917901 0.396783
1628250192.721103 19.023162 -17.344948 -0.230891 -0.000772 -0.005409 0.916685 0.399573
1628250193.221087 18.297379 -16.578489 -0.216406 0.004060 -0.006466 0.915619 0.401974
1628250193.722075 17.582587 -15.802425 -0.208140 0.001481 -0.002507 0.914811 0.403872
1628250194.223049 16.865138 -15.042653 -0.194582 0.002927 -0.005796 0.915582 0.402079
1628250194.724043 16.142293 -14.269376 -0.188153 0.002757 -0.004583 0.916158 0.400782
1628250195.225044 15.431984 -13.511965 -0.173803 0.003357 -0.006478 0.916929 0.398983
1628250195.725995 14.710976 -12.767544 -0.169898 0.001208 -0.006329 0.918740 0.394811
1628250196.226950 13.973972 -12.041931 -0.164211 0.002974 -0.005716 0.934899 0.354857
1628250196.727972 13.217778 -11.311153 -0.135316 -0.007753 0.002292 0.962407 0.271490
1628250197.129748 12.536176 -10.901995 -0.140168 -0.002760 0.001706 0.982927 0.183966
1628250197.530143 11.816784 -10.607903 -0.152056 -0.005644 0.003443 0.996283 0.085886
1628250197.830092 11.253321 -10.481521 -0.149040 -0.005688 0.003865 0.999965 -0.004737
1628250198.130680 10.693108 -10.461151 -0.160578 -0.007128 0.004172 0.995098 -0.098550
1628250198.832054 9.587273 -10.751441 -0.172355 -0.008589 -0.006753 0.984964 -0.172413
1628250199.633597 8.627879 -11.114534 -0.187262 -0.012908 -0.015745 0.993077 -0.115689
1628250200.936143 7.808589 -11.308678 -0.209750 -0.008389 -0.019461 0.999381 -0.028082
1628250202.639467 7.277630 -11.336501 -0.218060 0.005452 -0.020143 0.998070 0.058493
1628250204.444034 6.181183 -11.184341 -0.232474 -0.000548 -0.019368 0.989240 0.145016
1628250205.144356 5.206658 -10.893584 -0.245148 0.008009 -0.017653 0.985969 0.165800
1628250205.745547 4.200032 -10.558445 -0.240559 0.003433 0.007110 0.985246 0.170960
1628250206.346708 3.140796 -10.199172 -0.184720 -0.009191 -0.009776 0.985929 0.166627
1628250206.947911 2.063012 -9.819262 -0.195983 -0.002119 -0.003165 0.988983 0.147979
1628250207.549081 0.986135 -9.524475 -0.189890 -0.007548 -0.012316 0.992375 0.122408
