1628249877.405813 0.000048 -0.000186 0.001243 0.008173 -0.003594 0.000070 0.999960
1628249884.820196 0.463571 0.045315 0.002512 0.008099 -0.002736 -0.092648 0.995662
1628249885.822165 0.801995 0.017893 0.002699 0.007273 -0.001929 -0.181141 0.983428
1628249886.724029 1.109087 -0.060903 0.009469 0.007547 -0.001338 -0.266096 0.963916
1628249887.325241 1.430015 -0.206134 0.004556 0.005950 -0.000483 -0.350979 0.936364
1628249887.926322 1.776636 -0.457780 0.000663 0.005314 0.001467 -0.436575 0.899651
1628249889.729799 2.397065 -1.288498 -0.016082 0.009815 0.002869 -0.490809 0.871207
1628249891.633466 2.934530 -2.200087 -0.035369 0.010347 0.002555 -0.550825 0.834553
1628249893.136514 3.328335 -3.133514 -0.052199 0.011636 0.001186 -0.596779 0.802321
1628249894.539122 3.606770 -4.098982 -0.070734 0.010594 -0.000158 -0.596854 0.802280
1628249895.340718 3.769650 -4.673427 -0.078369 0.007060 0.000735 -0.516197 0.856441
1628249896.142235 4.090126 -5.245042 -0.087187 0.004043 -0.000600 -0.433459 0.901164
1628249897.444809 4.799304 -6.051406 -0.093915 0.005488 -0.002380 -0.350470 0.936555
1628249898.647216 5.627979 -6.720355 -0.099302 0.010295 -0.002847 -0.334133 0.942465
1628249900.049956 6.441991 -7.393918 -0.099058 0.014384 -0.002554 -0.368383 0.929559
1628249901.652967 7.242008 -8.134788 -0.109321 0.013472 -0.001055 -0.392267 0.919752
1628249902.655006 7.960962 -8.874173 -0.122276 0.007899 -0.010871 -0.409623 0.912156
1628249903.556688 8.645192 -9.629513 -0.136666 0.015468 0.020674 -0.418828 0.907698
1628249904.458486 9.309779 -10.416070 -0.131305 0.020914 0.008853 -0.409406 0.912070
1628249905.359238 10.035731 -11.182445 -0.157113 0.012111 -0.002638 -0.396474 0.917962
1628249906.161748 10.805431 -11.957694 -0.159073 0.008241 -0.003984 -0.380134 0.924886
1628249906.863221 11.633994 -12.741121 -0.153829 0.008935 -0.002027 -0.363517 0.931543
1628249907.464308 12.403092 -13.429026 -0.172507 0.012029 -0.003336 -0.346134 0.938102
1628249908.065472 13.243632 -14.116338 -0.179030 0.011811 -0.004240 -0.331301 0.943442
1628249908.666677 14.133739 -14.816650 -0.172603 0.009387 -0.003135 -0.324515 0.945829
1628249909.267919 15.066350 -15.508952 -0.196139 0.006384 0.000738 -0.324289 0.945936
1628249909.868982 16.027175 -16.210605 -0.185791 0.001119 0.001944 -0.359283 0.933226
1628249910.473026 16.888642 -16.995825 -0.205143 0.001775 0.005547 -0.409569 0.912260
1628249911.071306 17.676239 -17.875783 -0.215898 0.001071 0.003309 -0.445493 0.895279
1628249911.672474 18.359897 -18.823483 -0.224183 0.009122 -0.002485 -0.413493 0.910458
1628249912.173475 19.056113 -19.562038 -0.235603 0.013015 -0.001861 -0.340830 0.940033
1628249912.774627 19.987130 -20.265523 -0.240507 0.009740 -0.000176 -0.318720 0.947799
1628249913.275615 20.810068 -20.860260 -0.245535 0.005103 -0.001226 -0.352884 0.935652
1628249913.876770 21.705893 -21.628659 -0.249580 0.007006 0.000762 -0.384160 0.923240
1628249914.477956 22.534367 -22.455829 -0.260197 0.006792 -0.001377 -0.407481 0.913187
1628249915.079113 23.322215 -23.320982 -0.270306 0.007989 -0.001009 -0.427430 0.904013
1628249915.580109 23.982906 -24.091046 -0.278667 0.008372 -0.000406 -0.450525 0.892724
1628249916.181375 24.672368 -25.030863 -0.294819 0.008617 -0.001592 -0.476038 0.879381
1628249916.782440 25.339381 -26.020103 -0.302588 0.007295 -0.000198 -0.475532 0.879668
1628249917.283406 25.892083 -26.856585 -0.310930 0.009500 -0.000963 -0.445220 0.895370
1628249917.884586 26.638731 -27.785457 -0.322350 0.011416 -0.002158 -0.400241 0.916336
1628249918.486000 27.446075 -28.637939 -0.326656 0.012796 -0.003917 -0.331625 0.943316
1628249918.986648 28.240052 -29.255877 -0.329446 0.014766 -0.003526 -0.269236 0.962955
1628249919.587224 29.285503 -29.845735 -0.333818 0.011724 -0.003418 -0.241771 0.970256
1628249920.091009 30.204169 -30.302150 -0.338415 0.005442 0.001222 -0.284646 0.958616
1628249920.589845 31.055941 -30.847330 -0.345786 0.003290 0.002956 -0.341627 0.939825
1628249921.090817 31.847021 -31.502156 -0.347699 0.004100 0.004944 -0.384641 0.923044
1628249921.591808 32.564920 -32.212636 -0.364144 0.005004 0.003919 -0.418948 0.907988
1628249922.192974 33.288507 -33.035874 -0.375280 0.004444 0.006225 -0.455237 0.890337
1628249922.894369 33.923406 -33.884635 -0.390647 0.008046 0.007158 -0.488812 0.872322
1628249923.796088 34.487040 -34.803697 -0.411681 0.009663 0.005051 -0.512614 0.858550
1628249924.597743 35.003515 -35.728670 -0.433865 0.005884 -0.001885 -0.526303 0.850275
1628249925.299079 35.504918 -36.716347 -0.449971 0.009212 0.006428 -0.532845 0.846139
1628249925.900197 35.983957 -37.646330 -0.465437 0.015937 0.000272 -0.464900 0.885220
1628249926.501384 36.611056 -38.537034 -0.492835 0.016777 0.000636 -0.395856 0.918159
1628249927.102525 37.348856 -39.285289 -0.501590 0.017589 -0.000484 -0.325900 0.945240
1628249927.803932 38.216825 -39.933735 -0.514193 0.020107 0.002156 -0.237315 0.971222
1628249928.304878 38.771920 -40.244903 -0.518489 0.021517 -0.001605 -0.150142 0.988429
1628249928.805847 39.302447 -40.428186 -0.518649 0.019874 -0.006164 -0.043635 0.998831
1628249929.206911 39.762721 -40.478877 -0.517582 0.018116 -0.007253 0.058602 0.998091
1628249929.607404 40.282874 -40.442446 -0.507322 0.018080 -0.006625 0.175254 0.984335
1628249929.908019 40.668708 -40.339158 -0.500977 0.017875 -0.008342 0.274142 0.961487
1628249930.208585 41.042852 -40.150816 -0.493351 0.016180 -0.006597 0.375772 0.926547
1628249930.609359 41.474388 -39.743478 -0.490525 0.010038 -0.001490 0.464813 0.885351
1628249931.711524 42.013978 -38.891680 -0.464712 -0.002807 0.005360 0.490517 0.871411
1628249936.019900 41.736669 -39.520243 -0.477266 0.001316 -0.004250 0.564658 0.825313
1628249937.522686 41.617379 -40.058762 -0.485594 0.001668 -0.008853 0.635318 0.772198
1628249940.428529 41.592323 -40.466963 -0.499452 0.008647 -0.018252 0.700373 0.713492
1628249941.330257 41.564497 -39.339779 -0.482527 0.005716 -0.009169 0.757260 0.653024
1628249942.031603 41.396178 -38.313790 -0.467494 0.004158 0.001418 0.795013 0.606577
1628249943.334224 41.107373 -37.323135 -0.459818 0.002097 0.000016 0.834119 0.551581
1628249944.436321 40.749782 -36.535514 -0.453768 0.006170 -0.002456 0.883379 0.468613
1628249945.340007 40.119141 -35.673345 -0.439492 0.004525 -0.001580 0.920594 0.390492
1628249946.239792 39.371420 -34.958337 -0.429243 0.006953 -0.002748 0.949704 0.313058
1628249947.241771 38.499947 -34.341304 -0.419512 0.006115 -0.003626 0.971692 0.236145
1628249948.143676 37.568887 -33.883489 -0.406952 0.004409 -0.000625 0.986816 0.161784
1628249948.945076 36.567794 -33.596882 -0.398174 0.004084 -0.000040 0.993850 0.110657
1628249949.746628 35.479506 -33.336039 -0.388474 0.004173 -0.006879 0.982745 0.184793
1628249950.448002 34.553430 -32.975462 -0.381015 0.003851 -0.007684 0.962498 0.271151
1628249951.149515 33.656987 -32.422266 -0.371422 0.004280 -0.009028 0.931359 0.363966
1628249951.850725 32.841900 -31.652463 -0.358164 0.005527 -0.009394 0.908417 0.417923
1628249952.451901 32.139810 -30.835108 -0.350268 0.006221 -0.009020 0.890290 0.455262
1628249953.053823 31.482604 -29.872274 -0.338066 0.005985 -0.005229 0.896930 0.442100
1628249953.654295 30.740078 -28.966405 -0.327899 0.004344 -0.003181 0.913096 0.407709
1628249954.155206 30.062297 -28.227200 -0.313670 0.003067 -0.003961 0.921911 0.387369
1628249954.656199 29.356624 -27.502665 -0.309635 0.002987 -0.004652 0.930971 0.365052
1628249955.157159 28.589883 -26.824686 -0.303201 0.002284 -0.006184 0.937734 0.347293
1628249955.658142 27.794432 -26.149980 -0.298561 0.001627 -0.006013 0.943463 0.331419
1628249956.158317 26.990502 -25.503552 -0.285954 0.000646 -0.005465 0.949387 0.314061
1628249956.660075 26.131573 -24.896804 -0.289132 -0.000730 -0.006114 0.954376 0.298543
1628249957.161077 25.267757 -24.320822 -0.287731 0.000532 -0.007878 0.958127 0.286234
1628249957.662054 24.408680 -23.770416 -0.282679 0.001017 -0.009258 0.959417 0.281836
1628249958.163034 23.510861 -23.228524 -0.271742 -0.001290 -0.011433 0.948304 0.317156
1628249958.664021 22.671161 -22.624205 -0.278021 -0.002423 -0.014730 0.927038 0.374670
1628249959.164966 21.928759 -21.893770 -0.264173 0.000003 -0.014006 0.911171 0.411791
1628249959.665966 21.226873 -21.111850 -0.259647 -0.001337 -0.010904 0.896361 0.443189
1628249960.166972 20.582877 -20.291036 -0.251438 0.001703 -0.011024 0.881045 0.472901
1628249960.667910 19.999342 -19.417316 -0.237293 0.000718 -0.009117 0.868996 0.494735
1628249961.168866 19.465587 -18.521889 -0.230068 0.002448 0.000540 0.904716 0.426008
1628249961.669857 18.766111 -17.733240 -0.228876 0.001242 0.000740 0.936191 0.351488
1628249962.271026 17.857967 -16.971694 -0.216490 0.000608 0.000898 0.963720 0.266913
1628249962.872216 16.974754 -16.468693 -0.198314 -0.003440 0.002992 0.983379 0.181509
1628249963.673851 16.094403 -16.151323 -0.211628 -0.007310 -0.001173 0.995637 0.093016
1628249964.375162 15.510583 -16.024444 -0.208195 -0.007944 -0.004369 0.999958 0.001172
1628249966.579432 15.437728 -15.964521 -0.209208 -0.009526 -0.009818 0.995173 -0.097175
1628249967.180814 15.858924 -15.791469 -0.206615 -0.004429 -0.010117 0.981906 -0.189047
1628249967.781955 16.242703 -15.539774 -0.204286 -0.003484 -0.006053 0.959791 -0.280630
1628249968.483112 16.602670 -15.213152 -0.201377 -0.001612 -0.003956 0.927375 -0.374109
1628249969.184489 16.850351 -14.868565 -0.197035 -0.001579 -0.006622 0.890648 -0.454642
1628249970.386837 16.806397 -14.847575 -0.202728 -0.006139 -0.002168 -0.836789 0.547487
1628249970.687407 16.613368 -15.172938 -0.206257 -0.002821 -0.009344 -0.765141 0.643789
1628249970.887802 16.526168 -15.439075 -0.199732 0.006389 -0.009239 -0.699619 0.714428
1628249971.188189 16.503007 -15.910506 -0.210680 0.009712 -0.008625 -0.621653 0.783185
1628249971.889782 16.776004 -16.940825 -0.216508 0.013444 0.005994 -0.577537 0.816232
1628249973.593074 17.117859 -17.916039 -0.238932 0.007711 -0.004003 -0.536342 0.843956
1628249973.993861 17.263254 -18.302003 -0.247310 0.009722 -0.005518 -0.456495 0.889656
1628249974.695217 17.836836 -19.043618 -0.253490 0.007903 -0.006720 -0.368816 0.929444
1628249975.396586 18.595189 -19.727064 -0.253417 0.012367 -0.005856 -0.292509 0.956165
1628249976.198535 19.554293 -20.332098 -0.257926 0.012596 -0.000276 -0.295295 0.955323
1628249976.999709 20.439271 -20.943991 -0.265734 0.011019 -0.003486 -0.335516 0.941964
1628249977.801377 21.303500 -21.634528 -0.271281 0.010840 -0.001830 -0.370694 0.928690
1628249978.502641 22.065773 -22.334127 -0.280152 0.010933 -0.003916 -0.401269 0.915886
1628249979.206210 22.847146 -23.175609 -0.289921 0.010884 -0.003395 -0.427566 0.903912
1628249979.805167 23.513893 -23.971918 -0.299125 0.009702 0.000548 -0.443766 0.896090
1628249980.407408 24.186448 -24.805651 -0.305763 0.008728 -0.000615 -0.425094 0.905107
1628249981.007512 24.876905 -25.629789 -0.312276 0.007935 -0.004121 -0.378208 0.925677
1628249981.608680 25.654088 -26.348914 -0.318642 0.009070 -0.002124 -0.344880 0.938600
1628249982.209884 26.478913 -27.035196 -0.323481 0.007052 -0.001348 -0.348628 0.937234
1628249982.811031 27.341901 -27.743810 -0.327108 0.005627 -0.001887 -0.350886 0.936399
1628249983.412215 28.210203 -28.476591 -0.333732 0.002959 -0.000479 -0.350673 0.936493
1628249984.013395 29.102039 -29.230784 -0.336580 0.005639 0.000523 -0.363093 0.931736
1628249984.614621 29.963840 -29.994669 -0.343457 0.006235 0.001859 -0.383654 0.923454
1628249985.215714 30.791462 -30.800099 -0.352833 0.005469 0.002511 -0.396861 0.917859
1628249985.817213 31.604160 -31.632079 -0.370187 0.008574 0.003483 -0.408779 0.912586
1628249986.418065 32.414688 -32.506075 -0.390266 0.008163 0.000727 -0.418966 0.907965
1628249986.921875 33.092223 -33.277600 -0.396882 0.009090 0.001614 -0.426426 0.904475
1628249987.420209 33.732477 -34.056793 -0.414154 0.009253 0.002802 -0.433639 0.901035
1628249987.920959 34.386500 -34.841677 -0.424898 0.011059 0.002868 -0.426756 0.904295
1628249988.421480 35.060433 -35.621108 -0.443504 0.009131 -0.005252 -0.404773 0.914357
1628249988.922927 35.753257 -36.345186 -0.456102 0.016515 0.004845 -0.355688 0.934446
1628249989.423877 36.512640 -37.027295 -0.469956 0.016272 -0.000175 -0.296319 0.954950
1628249989.924885 37.355780 -37.574397 -0.490536 0.013533 0.000575 -0.269606 0.962875
1628249990.425853 38.227583 -38.080526 -0.489162 0.008181 0.001662 -0.325329 0.945564
1628249990.826663 38.915822 -38.567920 -0.488156 0.003859 0.005344 -0.406600 0.913583
1628249991.427819 39.673279 -39.451887 -0.512912 0.007314 0.004711 -0.467851 0.883765
1628249992.028979 40.335835 -40.353094 -0.528171 0.015692 0.001995 -0.419301 0.907710
1628249992.630193 40.904922 -41.057291 -0.535756 0.019271 -0.002078 -0.328785 0.944206
1628249993.231353 41.449325 -41.491448 -0.537825 0.016692 -0.003522 -0.236497 0.971482
1628249993.732304 41.871671 -41.714053 -0.538491 0.013969 -0.005003 -0.149699 0.988620
1628249994.233490 42.368318 -41.888739 -0.536485 0.012062 -0.004608 -0.044613 0.998921
1628249994.634209 42.822398 -41.950738 -0.531046 0.012142 -0.005626 0.054716 0.998412
1628249995.035385 43.339602 -41.908740 -0.525609 0.013407 -0.005006 0.162436 0.986615
1628249995.335851 43.736093 -41.801370 -0.521843 0.012802 -0.005762 0.252713 0.967439
1628249995.636022 44.125892 -41.624979 -0.508168 0.011427 -0.003814 0.350977 0.936307
1628249996.437600 44.846195 -40.869489 -0.495710 0.000712 -0.001046 0.406904 0.913470
1628250002.149507 44.569083 -41.331593 -0.504432 0.001448 -0.006408 0.485053 0.874460
1628250014.773322 45.001729 -40.404120 -0.488143 0.000858 -0.004693 0.526980 0.849864
1628250019.081706 44.939698 -40.715247 -0.495350 -0.001182 -0.004658 0.599299 0.800511
1628250019.783052 44.882155 -41.166002 -0.502280 -0.001980 -0.008877 0.670095 0.742220
1628250020.484419 44.919694 -41.642187 -0.509073 0.000315 -0.007557 0.741872 0.670499
1628250021.085410 45.022274 -42.043029 -0.510174 -0.001336 -0.008351 0.798350 0.602135
1628250021.686764 45.205091 -42.398698 -0.515871 -0.001403 -0.010066 0.848450 0.529178
1628250022.388123 45.487615 -42.770394 -0.518804 -0.001928 -0.012574 0.892623 0.450624
1628250023.991278 45.199313 -42.373982 -0.513310 0.004250 -0.010862 0.933445 0.358531
1628250024.792818 44.371023 -41.714128 -0.513743 0.000898 -0.008269 0.953796 0.300341
1628250025.594389 43.531512 -41.149333 -0.508452 -0.000566 -0.007990 0.953165 0.302345
1628250026.496135 42.664789 -40.561731 -0.510217 0.001857 -0.010655 0.953722 0.300495
1628250027.297687 41.792807 -39.969150 -0.504378 -0.000709 -0.011764 0.954648 0.297504
1628250027.999069 40.900709 -39.384989 -0.508431 0.000651 -0.012311 0.956167 0.292562
1628250028.700423 39.943181 -38.754699 -0.497949 0.002065 -0.011324 0.956635 0.291063
1628250029.402007 38.997250 -38.144450 -0.492373 0.001353 -0.011019 0.956825 0.290453
1628250030.103182 38.027131 -37.528824 -0.488449 0.003457 -0.012755 0.954583 0.297651
1628250030.704394 37.153462 -36.937688 -0.471609 0.003194 -0.013462 0.946847 0.321387
1628250031.306055 36.279100 -36.296654 -0.459196 0.006881 -0.015113 0.937425 0.347790
1628250031.906672 35.394290 -35.547655 -0.435201 -0.003052 -0.012371 0.925969 0.377383
1628250032.507870 34.529258 -34.724663 -0.441621 0.002053 -0.014968 0.912823 0.408077
1628250033.109040 33.747592 -33.821932 -0.421451 0.001336 -0.014128 0.902220 0.431043
1628250033.610042 33.061156 -33.051582 -0.403122 0.000830 -0.013064 0.894741 0.446393
1628250034.110985 32.447830 -32.229572 -0.386333 0.003728 -0.011778 0.887530 0.460584
1628250034.611997 31.839247 -31.431996 -0.371740 0.004490 -0.007917 0.887470 0.460776
1628250035.112918 31.219470 -30.581166 -0.360583 0.003566 -0.009085 0.902172 0.431267
1628250035.714095 30.445290 -29.672388 -0.350414 0.002232 -0.005209 0.918854 0.394558
1628250036.215471 29.719021 -28.908700 -0.338397 0.000831 -0.004978 0.932617 0.360834
1628250036.716071 28.943193 -28.206508 -0.331444 0.000073 -0.006299 0.944427 0.328660
1628250037.217043 28.155564 -27.581447 -0.332524 -0.001030 -0.010088 0.943345 0.331660
1628250037.717997 27.335048 -26.946667 -0.332598 -0.001510 -0.012106 0.933607 0.358090
1628250038.218977 26.529529 -26.261162 -0.322704 -0.000911 -0.012373 0.925880 0.377613
1628250038.719946 25.775050 -25.531976 -0.316639 -0.003984 -0.011186 0.918430 0.395405
1628250039.221847 25.024758 -24.790163 -0.323240 -0.000762 -0.012782 0.911437 0.411240
1628250039.720994 24.334492 -24.022016 -0.305358 -0.000181 -0.012430 0.904168 0.426995
1628250040.222909 23.670994 -23.220600 -0.295659 -0.000480 -0.010631 0.896978 0.441947
1628250040.723848 23.007558 -22.390833 -0.293283 -0.001151 -0.010150 0.889769 0.456296
1628250041.225143 22.372264 -21.542962 -0.282626 0.000797 -0.010323 0.884996 0.465483
1628250041.725797 21.778116 -20.683781 -0.269556 -0.000636 -0.006657 0.891291 0.453383
1628250042.226802 21.148254 -19.845176 -0.262988 0.002251 -0.004669 0.912820 0.408329
1628250042.727793 20.450102 -19.063479 -0.257921 0.002447 -0.002197 0.933376 0.358885
1628250043.228807 19.665408 -18.380672 -0.245355 0.000588 -0.001259 0.949177 0.314741
1628250043.729708 18.837377 -17.782479 -0.245765 -0.000620 -0.004481 0.947226 0.320536
1628250044.230695 17.986950 -17.154722 -0.245776 0.000057 -0.006722 0.933428 0.358703
1628250044.731714 17.216500 -16.451318 -0.241948 0.002755 -0.010521 0.913266 0.407217
1628250045.232643 16.506699 -15.677834 -0.220966 -0.005514 -0.005591 0.886949 0.461801
1628250045.733618 15.915712 -14.870219 -0.226047 0.000484 -0.011343 0.857106 0.515014
1628250046.234923 15.408785 -13.949516 -0.208352 -0.000300 -0.009380 0.831271 0.555788
1628250046.837342 14.952043 -12.888636 -0.196745 -0.002893 -0.004287 0.829676 0.558221
1628250048.639276 14.571079 -11.947154 -0.185840 0.005707 -0.012237 0.878327 0.477870
1628250049.140261 14.346709 -11.558324 -0.181286 0.010239 -0.008875 0.918962 0.394113
1628250049.541072 14.027103 -11.172051 -0.166802 0.013214 -0.005906 0.954107 0.299115
1628250049.941818 13.570311 -10.814957 -0.157877 -0.004292 0.001957 0.979623 0.200792
1628250050.342643 13.041724 -10.569110 -0.166029 -0.002904 0.001805 0.994754 0.102243
1628250050.743399 12.475296 -10.426205 -0.170470 -0.004529 0.002594 0.999965 0.006532
1628250051.144164 11.924298 -10.408347 -0.173837 -0.007098 0.002176 0.996564 -0.082490
1628250051.645134 11.310977 -10.494033 -0.177686 -0.007068 0.000181 0.982304 -0.187158
1628250052.146128 10.752452 -10.702681 -0.189146 -0.011069 -0.001767 0.957663 -0.287673
1628250052.647085 10.275584 -11.010197 -0.200790 -0.011450 -0.001673 0.921529 -0.388136
1628250053.047898 9.921706 -11.312774 -0.216487 -0.016281 0.000513 0.883128 -0.468849
1628250053.448657 9.630944 -11.699754 -0.233285 0.015866 -0.002860 -0.832615 0.553617
1628250053.849452 9.431995 -12.126325 -0.241974 0.015269 -0.004817 -0.770398 0.637362
1628250054.250314 9.323805 -12.579020 -0.248448 0.016812 -0.006635 -0.697562 0.716296
1628250054.650989 9.299050 -13.030559 -0.255517 0.018194 -0.006781 -0.621241 0.783379
1628250055.252164 9.461114 -13.728554 -0.266704 0.016896 -0.007685 -0.542003 0.840172
1628250055.853643 9.751805 -14.365875 -0.272948 0.015211 -0.012226 -0.461090 0.887139
1628250056.456764 10.176882 -14.968391 -0.271810 0.022499 -0.001965 -0.376184 0.926270
1628250057.055702 10.685795 -15.464853 -0.276981 0.020285 -0.004373 -0.284718 0.958387
1628250057.657218 11.284114 -15.857952 -0.282068 0.019703 -0.005760 -0.200060 0.979569
1628250058.558612 12.271060 -16.207054 -0.279994 0.016098 -0.005696 -0.194714 0.980711
1628250059.460378 13.229688 -16.624365 -0.276296 0.015842 -0.004470 -0.216351 0.976177
1628250060.362134 14.159315 -17.009423 -0.276141 0.013358 -0.004271 -0.250698 0.967964
1628250061.263980 15.036906 -17.517651 -0.276090 0.013405 -0.004119 -0.312494 0.949816
1628250062.266119 15.871106 -18.173226 -0.282837 0.014820 -0.001113 -0.346790 0.937825
1628250063.267800 16.725125 -18.813430 -0.285217 0.012431 -0.004430 -0.274620 0.961462
1628250064.169582 17.619964 -19.355637 -0.284422 0.008895 -0.006355 -0.331227 0.943488
1628250064.870919 18.437715 -20.016077 -0.291761 0.010682 -0.003986 -0.374253 0.927257
1628250065.472072 19.212767 -20.735164 -0.298144 0.010086 -0.001781 -0.410295 0.911895
1628250066.073378 19.984651 -21.586260 -0.307624 0.008785 -0.001836 -0.444687 0.895641
1628250066.674423 20.678758 -22.485822 -0.317163 0.009266 0.000662 -0.483035 0.875552
1628250067.275592 21.236210 -23.439184 -0.327283 0.011635 -0.002856 -0.474248 0.880310
1628250067.776575 21.744164 -24.194642 -0.342537 0.017346 -0.003530 -0.382018 0.923985
1628250068.277589 22.388000 -24.795505 -0.345220 0.018091 -0.003883 -0.283535 0.958783
1628250068.878742 23.288114 -25.355453 -0.345952 0.014198 -0.003399 -0.237068 0.971383
1628250069.479894 24.228062 -25.815189 -0.348021 0.011754 -0.004987 -0.232597 0.972489
1628250070.081096 25.192614 -26.287287 -0.347601 0.010520 -0.005645 -0.227390 0.973731
1628250070.682241 26.198168 -26.774011 -0.338200 0.010237 -0.002470 -0.222095 0.974968
1628250071.283429 27.271070 -27.267243 -0.345158 0.014644 -0.004629 -0.151487 0.988340
1628250071.884587 28.406354 -27.576460 -0.345939 0.004513 -0.001887 -0.161077 0.986930
1628250072.385549 29.378309 -27.888258 -0.340563 -0.000584 -0.000085 -0.244560 0.969634
1628250072.886572 30.273700 -28.347387 -0.342920 -0.003036 0.004177 -0.325085 0.945671
1628250073.487718 31.166300 -29.042015 -0.349640 -0.000401 0.007674 -0.372352 0.928060
1628250074.189090 31.972350 -29.810948 -0.364145 0.000759 0.007474 -0.407679 0.913095
1628250075.191025 32.679276 -30.601953 -0.377763 0.003128 0.007445 -0.433888 0.900931
1628250076.493652 33.339099 -31.412141 -0.390491 0.001703 0.005011 -0.456808 0.889549
1628250077.495554 33.942386 -32.244932 -0.398199 0.002693 0.005410 -0.476977 0.878895
1628250078.697850 34.498100 -33.088485 -0.417695 0.006370 0.008077 -0.495401 0.868604
1628250081.503343 35.023349 -33.955983 -0.428869 0.006694 0.008144 -0.510408 0.859868
1628250085.110820 35.560198 -34.919585 -0.447232 0.005826 -0.003070 -0.504690 0.863276
1628250086.012740 36.125329 -35.881777 -0.461174 0.012715 0.002373 -0.414193 0.910097
1628250086.613536 36.610531 -36.459387 -0.478851 0.014449 0.000176 -0.332688 0.942926
1628250087.414853 37.430908 -37.047394 -0.487791 0.012889 -0.000469 -0.272748 0.961999
1628250088.116300 38.282037 -37.579221 -0.499527 0.008329 0.000455 -0.338459 0.940944
1628250088.817572 39.168456 -38.327415 -0.513946 0.008444 0.001148 -0.399054 0.916888
1628250089.419177 39.926117 -39.132816 -0.524189 0.010945 -0.001690 -0.383249 0.923578
1628250090.019990 40.770745 -39.948484 -0.530553 0.013327 -0.003907 -0.354041 0.935127
1628250090.621092 41.673054 -40.708664 -0.544353 0.012154 -0.004710 -0.323765 0.946048
1628250091.222277 42.622523 -41.434332 -0.544647 0.009985 -0.003602 -0.288584 0.957396
1628250091.723248 43.433056 -41.968283 -0.547875 0.013976 -0.004483 -0.199392 0.979810
1628250092.124022 44.122578 -42.272824 -0.544733 0.017149 -0.004096 -0.092828 0.995526
1628250092.528740 44.850533 -42.433373 -0.541813 0.016952 -0.004535 0.020957 0.999626
1628250092.925608 45.577090 -42.404347 -0.535925 0.013944 -0.001994 0.128860 0.991563
1628250093.626958 46.641185 -42.049824 -0.518499 0.005537 0.000665 0.153348 0.988157
1628250097.235183 46.224114 -42.262349 -0.525420 -0.001444 -0.005791 0.238741 0.971065
1628250098.136216 45.789180 -42.595094 -0.533780 0.000826 -0.001889 0.323765 0.946135
1628250098.837107 45.439782 -42.975944 -0.539705 0.001093 -0.007366 0.409309 0.912365
1628250100.239841 45.183246 -43.387847 -0.560976 0.010625 -0.017855 0.498816 0.866459
1628250100.640865 45.407506 -43.109777 -0.558405 0.012229 -0.012940 0.588823 0.808066
1628250100.941204 45.545302 -42.778206 -0.545652 0.012261 -0.009268 0.678289 0.734634
1628250101.241817 45.604721 -42.374461 -0.538457 0.010954 -0.000874 0.766399 0.642271
1628250101.542384 45.567762 -41.944586 -0.536723 0.011111 0.002714 0.839861 0.542680
1628250101.844675 45.422391 -41.512802 -0.525749 0.006435 0.002643 0.895342 0.445324
1628250102.343936 44.946787 -40.939890 -0.520011 0.001383 -0.001616 0.932045 0.362337
1628250103.145510 44.169436 -40.234959 -0.512786 -0.000529 -0.002169 0.952870 0.303370
1628250104.347844 43.239132 -39.670864 -0.517576 0.002307 -0.003852 0.957296 0.289075
1628250105.249732 42.385324 -39.053036 -0.512188 0.001149 -0.004921 0.945779 0.324773
1628250105.950982 41.568108 -38.418385 -0.503383 0.001991 -0.004126 0.953401 0.301670
1628250106.652481 40.609879 -37.807535 -0.504069 0.001826 -0.005674 0.971453 0.237157
1628250107.353708 39.591002 -37.294839 -0.497676 0.002686 -0.007155 0.974850 0.222732
1628250107.954918 38.674523 -36.875647 -0.486305 0.005183 -0.005940 0.975951 0.217846
1628250108.556036 37.685605 -36.424791 -0.479108 0.003998 -0.010068 0.972502 0.232641
1628250109.157227 36.665904 -35.914961 -0.472048 0.003816 -0.008381 0.984317 0.176168
1628250109.757836 35.526323 -35.556010 -0.460920 -0.004666 -0.006316 0.986156 0.165632
1628250110.263483 34.563673 -35.258352 -0.462154 -0.001540 -0.020242 0.966791 0.254761
1628250110.660155 33.884219 -34.907542 -0.455399 0.000748 -0.023058 0.937337 0.347658
1628250111.061455 33.267327 -34.408495 -0.450295 -0.002874 -0.022461 0.897667 0.440093
1628250111.662101 32.608163 -33.496564 -0.434138 -0.002380 -0.018553 0.853244 0.521176
1628250112.263274 32.060411 -32.476348 -0.419980 0.001563 -0.017915 0.835339 0.549441
1628250112.864444 31.608780 -31.399126 -0.398380 0.001600 -0.011080 0.836476 0.547889
1628250113.365443 31.192204 -30.490077 -0.378143 0.002824 -0.009461 0.840104 0.542336
1628250113.866389 30.773321 -29.559014 -0.366051 0.003571 -0.004420 0.857178 0.514989
1628250114.367418 30.269910 -28.649969 -0.358379 0.003489 -0.001237 0.890594 0.454784
1628250114.868605 29.666873 -27.840213 -0.351989 0.002635 -0.001575 0.920931 0.389714
1628250115.369721 28.917206 -27.104824 -0.339351 0.001082 -0.004407 0.933688 0.358060
1628250115.870301 28.125905 -26.419754 -0.332656 0.002064 -0.005816 0.933406 0.358770
1628250116.371293 27.356352 -25.741223 -0.329064 0.000751 -0.005330 0.935110 0.354316
1628250116.872250 26.570522 -25.072740 -0.327436 0.000320 -0.006030 0.934518 0.355864
1628250117.373578 25.765744 -24.389305 -0.323219 -0.000978 -0.009808 0.918126 0.396167
1628250117.874215 25.012697 -23.624679 -0.310507 0.000094 -0.010941 0.897789 0.440289
1628250118.375226 24.387802 -22.795588 -0.310157 -0.000514 -0.009946 0.878757 0.477165
1628250118.876228 23.810666 -21.936910 -0.297688 -0.000184 -0.009984 0.860028 0.510150
1628250119.377252 23.347282 -20.988232 -0.283048 0.002203 -0.006245 0.876690 0.481011
1628250119.778448 22.899763 -20.291194 -0.285620 0.003882 0.003600 0.926714 0.375731
1628250120.078547 22.467509 -19.844490 -0.278180 0.001632 0.007026 0.959028 0.283219
1628250120.379115 21.971112 -19.482023 -0.289272 0.000103 0.008181 0.982322 0.187019
1628250120.880136 21.005867 -19.139774 -0.282192 0.000381 0.000788 0.991266 0.131872
1628250121.280863 20.215599 -18.989978 -0.278845 0.000133 -0.014318 0.975281 0.220505
1628250121.681658 19.467765 -18.644110 -0.265775 -0.003263 -0.015395 0.945543 0.325116
1628250122.082421 18.823086 -18.162393 -0.273129 -0.005031 -0.015956 0.907213 0.420339
1628250122.589082 18.158270 -17.369950 -0.261844 -0.002013 -0.010952 0.890970 0.453926
1628250123.084367 17.558126 -16.563269 -0.260129 0.007289 -0.012485 0.883642 0.467940
1628250123.685533 16.884298 -15.585808 -0.245952 -0.001365 -0.006342 0.876172 0.481954
1628250124.286710 16.285223 -14.632352 -0.233228 0.003317 0.001130 0.916012 0.401136
1628250124.687497 15.782275 -14.072426 -0.228896 0.005428 0.004383 0.955257 0.295694
1628250125.088278 15.198446 -13.649772 -0.221758 0.001582 0.004831 0.982216 0.187684
1628250125.489058 14.564905 -13.372950 -0.221382 -0.002791 0.004128 0.997181 0.074872
1628250125.789639 14.086379 -13.264742 -0.220430 -0.006144 0.005736 0.999824 -0.016743
1628250126.090222 13.615577 -13.255935 -0.231859 -0.009232 0.004678 0.993751 -0.111135
1628250126.391134 13.167585 -13.307155 -0.229752 -0.012580 0.003405 0.977750 -0.209368
1628250126.691407 12.772804 -13.439219 -0.234592 -0.009533 0.004194 0.952867 -0.303208
1628250127.593161 11.957943 -14.133214 -0.256301 -0.014788 -0.012425 0.970389 -0.240774
1628250130.699206 12.281253 -13.852054 -0.241990 -0.011688 -0.008410 0.942091 -0.335047
1628250131.300414 12.473156 -13.548866 -0.242490 -0.007774 -0.009383 0.908369 -0.417993
1628250132.001741 12.665808 -13.221587 -0.234779 -0.007998 -0.006787 0.866662 -0.498785
1628250132.803393 12.772737 -12.883888 -0.232547 0.008618 0.010395 -0.819232 0.573303
1628250133.705055 12.814363 -12.486984 -0.215312 0.009132 0.006095 -0.760107 0.649705
1628250134.506631 12.773808 -12.121461 -0.210489 0.007936 0.007059 -0.693348 0.720524
1628250135.208042 12.695082 -11.762755 -0.199932 0.010773 0.006272 -0.619026 0.785271
1628250135.809196 12.537343 -11.444103 -0.199882 0.002364 0.001845 -0.539152 0.842203
1628250137.211926 12.633568 -11.681485 -0.211417 0.007591 -0.005961 -0.448554 0.893704
1628250138.013791 13.402419 -12.522132 -0.228652 0.005782 -0.001786 -0.402923 0.915214
1628250138.614681 13.951352 -13.120981 -0.222344 0.003749 0.003810 -0.485720 0.874098
1628250139.616602 14.479487 -14.017788 -0.238419 0.002835 -0.002184 -0.510741 0.859727
1628250140.418156 15.013398 -14.943122 -0.241620 0.006778 -0.000323 -0.423814 0.905724
1628250141.019322 15.735773 -15.747033 -0.254843 0.006323 -0.009249 -0.352004 0.935931
1628250141.620228 16.600829 -16.465604 -0.260244 0.009137 0.001910 -0.332692 0.942989
1628250142.221944 17.504290 -17.139029 -0.264786 0.010149 -0.002650 -0.233681 0.972257
1628250142.822849 18.546151 -17.647250 -0.262709 0.001606 -0.001983 -0.267880 0.963449
1628250143.323854 19.404728 -18.119892 -0.271474 -0.002452 0.000973 -0.354525 0.935043
1628250143.824820 20.145255 -18.758341 -0.273765 -0.005079 0.005436 -0.450134 0.892930
1628250144.325781 20.754449 -19.557066 -0.279099 -0.002833 0.006294 -0.523753 0.851842
1628250144.927021 21.284850 -20.626219 -0.299002 0.003093 0.001524 -0.532784 0.846244
1628250145.528123 21.839058 -21.677423 -0.313039 0.011727 0.001436 -0.499814 0.866052
1628250146.129298 22.423300 -22.630694 -0.321421 0.010992 0.001021 -0.471042 0.882042
1628250146.830693 23.053499 -23.526408 -0.329746 0.010066 0.003275 -0.442161 0.896873
1628250148.133329 23.703119 -24.336307 -0.342784 0.008873 0.002369 -0.417032 0.908845
1628250150.237331 24.426741 -25.148174 -0.348945 0.007472 -0.003185 -0.386059 0.922438
1628250151.139069 25.200084 -25.889049 -0.352593 0.009030 -0.002874 -0.354350 0.935065
1628250151.940629 25.983907 -26.557574 -0.357035 0.008340 -0.001785 -0.330262 0.943851
1628250152.742187 26.832826 -27.185557 -0.361542 0.008174 -0.002301 -0.345479 0.938388
1628250153.443574 27.675371 -27.890821 -0.370873 0.005256 -0.003542 -0.373857 0.927465
1628250154.045208 28.432946 -28.587794 -0.370418 0.006914 -0.000897 -0.391253 0.920257
1628250154.645904 29.179275 -29.349620 -0.373504 0.008862 -0.000499 -0.407340 0.913234
1628250155.247059 29.932437 -30.171450 -0.381687 0.011368 0.000266 -0.404784 0.914342
1628250155.848245 30.698601 -31.014978 -0.400569 0.014658 -0.000297 -0.355296 0.934639
1628250156.449452 31.519878 -31.690499 -0.412247 0.016729 -0.000483 -0.284425 0.958552
1628250157.050587 32.462266 -32.282071 -0.421604 0.012294 -0.001514 -0.243054 0.969934
1628250157.652775 33.496620 -32.795108 -0.422375 0.001458 0.002172 -0.310783 0.950477
1628250158.152869 34.308626 -33.395548 -0.429995 0.000699 0.004829 -0.365294 0.930879
1628250158.753897 35.218605 -34.170609 -0.452325 0.002463 0.004476 -0.412064 0.911141
1628250159.255213 35.882034 -34.966482 -0.458835 0.004467 0.001648 -0.446054 0.894993
1628250159.860371 36.601852 -35.934071 -0.489691 0.008172 0.004509 -0.459453 0.888153
1628250160.357042 37.134699 -36.788932 -0.491218 0.013584 0.001437 -0.403641 0.914815
1628250160.863407 37.889803 -37.540954 -0.511535 0.016250 0.000372 -0.316189 0.948557
1628250161.359004 38.731063 -38.090173 -0.525753 0.015276 -0.001481 -0.251727 0.967677
1628250161.864744 39.636398 -38.562263 -0.526392 0.011157 -0.001206 -0.256503 0.966478
1628250162.461139 40.674420 -39.160072 -0.528078 0.007153 0.000986 -0.331773 0.943331
1628250162.962102 41.410720 -39.675442 -0.530755 0.007363 0.002991 -0.413302 0.910559
1628250163.663945 42.061385 -40.556785 -0.545622 0.011281 0.001255 -0.430167 0.902678
1628250164.364842 42.698864 -41.311766 -0.557220 0.010402 -0.002282 -0.345293 0.938435
1628250164.765684 43.120515 -41.716844 -0.561707 0.013388 -0.004995 -0.234552 0.971998
1628250165.066625 43.496769 -41.949410 -0.560282 0.017125 -0.005568 -0.121502 0.992428
1628250165.366838 43.929149 -42.105545 -0.551849 0.019116 -0.006528 0.005222 0.999782
1628250165.667378 44.412196 -42.114243 -0.554923 0.019460 -0.004763 0.131580 0.991103
1628250166.368765 45.442923 -41.743519 -0.527302 0.002804 0.001876 0.166351 0.986061
1628250169.374778 45.156082 -41.926066 -0.539090 0.002962 -0.000085 0.253734 0.967270
1628250170.276402 44.783902 -42.220468 -0.546183 0.001773 -0.005261 0.343935 0.938977
1628250170.877532 44.526895 -42.553786 -0.558439 0.000613 -0.006921 0.425202 0.905072
1628250171.478724 44.316715 -42.930351 -0.567216 0.000834 -0.009341 0.511011 0.859523
1628250172.881467 44.394639 -42.862717 -0.570369 0.009786 -0.014668 0.601609 0.798596
1628250173.182361 44.518179 -42.581309 -0.561768 0.009476 -0.011804 0.672211 0.740205
1628250173.483265 44.583180 -42.219204 -0.550487 0.008763 -0.006609 0.747375 0.664312
1628250173.783279 44.570861 -41.827053 -0.548328 0.006549 -0.002953 0.817522 0.575852
1628250174.084739 44.473366 -41.430634 -0.536713 0.004702 0.001007 0.869715 0.493530
1628250174.584400 44.144552 -40.836188 -0.538472 0.004040 0.000002 0.913604 0.406585
1628250175.386514 43.424089 -40.126597 -0.532560 0.003366 -0.003474 0.944183 0.329385
1628250176.288285 42.570819 -39.490816 -0.523732 0.000679 -0.003494 0.954704 0.297537
1628250177.089648 41.709793 -38.911056 -0.521607 0.002076 -0.008401 0.931059 0.364767
1628250177.791040 40.865936 -38.107554 -0.508522 0.003936 -0.009415 0.926332 0.376570
1628250178.392198 40.090355 -37.366090 -0.506540 0.004334 -0.006019 0.949727 0.312991
1628250178.993385 39.110144 -36.698482 -0.501187 0.004768 -0.008086 0.966491 0.256531
1628250179.494352 38.222672 -36.221885 -0.491162 0.004848 -0.009352 0.964640 0.263359
1628250179.995310 37.346948 -35.722054 -0.477106 0.003081 -0.012358 0.949680 0.312961
1628250180.596484 36.396610 -35.033331 -0.469909 0.000976 -0.016683 0.922653 0.385269
1628250181.097484 35.700046 -34.313424 -0.450976 0.001888 -0.012519 0.912741 0.408343
1628250181.598457 35.003844 -33.561948 -0.436665 0.003303 -0.010004 0.923542 0.383352
1628250182.200719 34.126911 -32.749329 -0.427685 0.002959 -0.006128 0.953481 0.301375
1628250182.700606 33.243352 -32.173612 -0.417831 0.001292 -0.010435 0.947527 0.319502
1628250183.201977 32.449751 -31.557539 -0.409479 0.002702 -0.011763 0.928893 0.370152
1628250183.702542 31.709944 -30.864744 -0.394985 0.001137 -0.011959 0.904520 0.426263
1628250184.203790 31.020177 -30.111253 -0.387138 0.002798 -0.013815 0.876624 0.480969
1628250184.704494 30.503565 -29.249362 -0.372376 0.002133 -0.006167 0.880146 0.474659
1628250185.205639 29.918117 -28.399036 -0.358495 0.001924 -0.001867 0.913506 0.406816
1628250185.706483 29.214337 -27.652989 -0.357150 0.002480 -0.000802 0.941209 0.337815
1628250186.207439 28.425011 -26.985369 -0.353417 -0.000470 -0.011270 0.918177 0.396010
1628250186.711187 27.676712 -26.236875 -0.343428 -0.001767 -0.014782 0.870153 0.492557
1628250187.209385 27.163158 -25.367299 -0.333178 0.000299 -0.008480 0.866487 0.499128
1628250187.712759 26.624229 -24.486066 -0.320542 0.001436 -0.003818 0.898825 0.438288
1628250188.211356 25.972468 -23.666843 -0.317775 0.002045 -0.003989 0.929715 0.368253
1628250188.712331 25.217824 -22.976167 -0.309525 0.001836 -0.006915 0.931893 0.362663
1628250189.213297 24.449057 -22.284592 -0.304093 0.000408 -0.006728 0.928826 0.370455
1628250189.714464 23.673639 -21.565562 -0.301133 0.000201 -0.007116 0.927884 0.372801
1628250190.215587 22.922722 -20.851118 -0.295581 0.000348 -0.007310 0.926149 0.377087
1628250190.716230 22.149093 -20.136715 -0.291709 -0.000798 -0.006519 0.921409 0.388538
1628250191.217195 21.401148 -19.379680 -0.280516 0.001163 -0.006778 0.919811 0.392302
1628250191.718157 20.664914 -18.628225 -0.280936 0.002198 -0.005788 0.918527 0.395309
1628250192.221636 19.945521 -17.886006 -0.266658 -0.000224 -0.004320 0.917484 0.397750
1628250192.721103 19.217357 -17.126132 -0.268362 -0.001202 -0.005187 0.916382 0.400270
1628250193.221087 18.496329 -16.366345 -0.255533 0.003596 -0.006147 0.915235 0.402857
1628250193.722075 17.785445 -15.585794 -0.248116 0.001017 -0.002255 0.914392 0.404822
1628250194.223049 17.063189 -14.825945 -0.236413 0.002477 -0.005569 0.915130 0.403112
1628250194.724043 16.346021 -14.048135 -0.231017 0.002281 -0.004355 0.915752 0.401715
1628250195.225044 15.639666 -13.295453 -0.218686 0.002821 -0.006328 0.916506 0.399961
1628250195.725995 14.923402 -12.552589 -0.216321 0.000880 -0.006000 0.918309 0.395817
1628250196.226950 14.186968 -11.819917 -0.210858 0.002547 -0.005574 0.934590 0.355673
1628250196.727972 13.430874 -11.085816 -0.183050 -0.008217 0.002548 0.962091 0.272593
1628250197.129748 12.745381 -10.673049 -0.187653 -0.003069 0.002087 0.982776 0.184762
1628250197.530143 12.023356 -10.377617 -0.202370 -0.005988 0.003834 0.996179 0.087046
1628250197.830092 11.462341 -10.248502 -0.197936 -0.006045 0.004305 0.999966 -0.003704
1628250198.130680 10.899415 -10.224983 -0.210016 -0.007463 0.004669 0.995174 -0.097732
1628250198.832054 9.801764 -10.521927 -0.223040 -0.008860 -0.006333 0.985129 -0.171471
1628250199.633597 8.838125 -10.879943 -0.239140 -0.013195 -0.015197 0.993200 -0.114670
1628250200.936143 8.019640 -11.074892 -0.259378 -0.008829 -0.018966 0.999409 -0.027294
1628250202.639467 7.482356 -11.106639 -0.270864 0.004962 -0.019782 0.998012 0.059635
1628250204.444034 6.387339 -10.942905 -0.284165 -0.000952 -0.018903 0.989093 0.146071
1628250205.144356 5.418396 -10.660914 -0.298238 0.007615 -0.017333 0.985834 0.166653
1628250205.745547 4.405383 -10.318086 -0.295671 0.003011 0.007489 0.985050 0.172082
1628250206.346708 3.348038 -9.953750 -0.241286 -0.009698 -0.009372 0.985760 0.167615
1628250206.947911 2.278261 -9.577467 -0.250772 -0.002587 -0.002865 0.988809 0.149137
1628250207.549081 1.188340 -9.268643 -0.246515 -0.008023 -0.011993 0.992259 0.123344
