1628249877.405813 0.000048 -0.000186 0.001243 0.008173 -0.003594 0.000070 0.999960
1628249884.820196 0.463288 0.044796 0.002503 0.008081 -0.002756 -0.092770 0.995651
1628249885.822165 0.801421 0.016772 0.002696 0.007241 -0.001973 -0.181382 0.983384
1628249886.724029 1.108190 -0.062693 0.009486 0.007505 -0.001406 -0.266448 0.963819
1628249887.325241 1.428729 -0.208679 0.004617 0.005902 -0.000578 -0.351434 0.936194
1628249887.926322 1.774821 -0.461182 0.000807 0.005266 0.001344 -0.437119 0.899387
1628249889.729799 2.393963 -1.293172 -0.015682 0.009768 0.002716 -0.491436 0.870855
1628249891.633466 2.929833 -2.206058 -0.034661 0.010304 0.002374 -0.551521 0.834094
1628249893.136514 3.321801 -3.140664 -0.051163 0.011598 0.000978 -0.597536 0.801758
1628249894.539122 3.598130 -4.107180 -0.069346 0.010551 -0.000388 -0.597698 0.801652
1628249895.340718 3.759515 -4.682488 -0.076749 0.006991 0.000491 -0.517191 0.855842
1628249896.142235 4.078380 -5.255369 -0.085257 0.003943 -0.000853 -0.434601 0.900614
1628249897.444809 4.785229 -6.064052 -0.091415 0.005355 -0.002645 -0.351752 0.936074
1628249898.647216 5.611783 -6.735791 -0.096205 0.010147 -0.003135 -0.335517 0.941974
1628249900.049956 6.423533 -7.412263 -0.095329 0.014238 -0.002874 -0.369837 0.928983
1628249901.652967 7.220948 -8.156161 -0.104891 0.013329 -0.001395 -0.393791 0.919102
1628249902.655006 7.937168 -8.898457 -0.117138 0.007738 -0.011221 -0.411216 0.911436
1628249903.556688 8.618469 -9.656712 -0.130797 0.015361 0.020291 -0.420499 0.906936
1628249904.458486 9.279871 -10.446219 -0.124670 0.020776 0.008444 -0.411158 0.911288
1628249905.359238 10.002601 -11.215917 -0.149646 0.011940 -0.003044 -0.398311 0.917168
1628249906.161748 10.768904 -11.994770 -0.150706 0.008054 -0.004393 -0.382059 0.924092
1628249906.863221 11.593876 -12.782159 -0.144490 0.008739 -0.002448 -0.365526 0.930757
1628249907.464308 12.359683 -13.473909 -0.162264 0.011816 -0.003774 -0.348224 0.937329
1628249908.065472 13.196793 -14.165477 -0.167812 0.011584 -0.004686 -0.333468 0.942679
1628249908.666677 14.083307 -14.870383 -0.160338 0.009153 -0.003586 -0.326751 0.945059
1628249909.267919 15.012287 -15.567616 -0.182772 0.006154 0.000285 -0.326585 0.945148
1628249909.868982 15.969341 -16.274421 -0.171264 0.000903 0.001485 -0.361605 0.932330
1628249910.473026 16.826560 -17.064430 -0.189440 0.001590 0.005067 -0.411890 0.911218
1628249911.071306 17.609350 -17.948854 -0.198977 0.000896 0.002815 -0.447816 0.894121
1628249911.672474 18.287759 -18.900558 -0.206056 0.008911 -0.003001 -0.415895 0.909364
1628249912.173475 18.979742 -19.643252 -0.216408 0.012765 -0.002377 -0.343351 0.939117
1628249912.774627 19.906637 -20.352200 -0.220079 0.009479 -0.000683 -0.321305 0.946928
1628249913.275615 20.725954 -20.951874 -0.224023 0.004854 -0.001735 -0.355473 0.934672
1628249913.876770 21.617122 -21.725662 -0.226777 0.006777 0.000235 -0.386748 0.922160
1628249914.477956 22.440561 -22.557913 -0.236096 0.006567 -0.001914 -0.410070 0.912028
1628249915.079113 23.223105 -23.427969 -0.244898 0.007775 -0.001557 -0.430019 0.902785
1628249915.580109 23.878986 -24.202251 -0.252119 0.008171 -0.000963 -0.453105 0.891419
1628249916.181375 24.562620 -25.146491 -0.266962 0.008427 -0.002158 -0.478598 0.877991
1628249916.782440 25.223466 -26.140047 -0.273391 0.007108 -0.000762 -0.478112 0.878270
1628249917.283406 25.770862 -26.980202 -0.280609 0.009292 -0.001528 -0.447860 0.894054
1628249917.884586 26.511622 -27.913903 -0.290675 0.011179 -0.002719 -0.402955 0.915148
1628249918.486000 27.313500 -28.771591 -0.293646 0.012515 -0.004463 -0.334427 0.942328
1628249918.986648 28.103389 -29.394664 -0.295310 0.014454 -0.004059 -0.272103 0.962151
1628249919.587224 29.144909 -29.991170 -0.298381 0.011399 -0.003932 -0.244665 0.969533
1628249920.091009 30.060458 -30.453465 -0.301882 0.005154 0.000715 -0.287510 0.957764
1628249920.589845 30.908556 -31.004104 -0.308137 0.003038 0.002442 -0.344432 0.938803
1628249921.090817 31.695307 -31.664016 -0.308894 0.003877 0.004418 -0.387392 0.921897
1628249921.591808 32.408566 -32.379144 -0.324199 0.004798 0.003385 -0.421645 0.906742
1628249922.192974 33.126849 -33.207046 -0.334103 0.004267 0.005688 -0.457873 0.888989
1628249922.894369 33.756317 -34.059932 -0.348296 0.007893 0.006606 -0.491382 0.870883
1628249923.796088 34.314134 -34.982664 -0.368160 0.009519 0.004493 -0.515126 0.857050
1628249924.597743 34.824790 -35.911015 -0.389212 0.005729 -0.002429 -0.528773 0.848740
1628249925.299079 35.320041 -36.901954 -0.404155 0.009086 0.005877 -0.535286 0.844602
1628249925.900197 35.793307 -37.835047 -0.418537 0.015753 -0.000281 -0.467427 0.883891
1628249926.501384 36.414911 -38.729695 -0.444784 0.016558 0.000101 -0.398453 0.917039
1628249927.102525 37.148058 -39.482475 -0.452430 0.017333 -0.000999 -0.328544 0.944329
1628249927.803932 38.011981 -40.136135 -0.463919 0.019820 0.001664 -0.239999 0.970569
1628249928.304878 38.564942 -40.450723 -0.467597 0.021185 -0.002068 -0.152837 0.988022
1628249928.805847 39.094057 -40.637251 -0.467262 0.019492 -0.006581 -0.046321 0.998715
1628249929.206911 39.553647 -40.690771 -0.465853 0.017700 -0.007622 0.055954 0.998247
1628249929.607404 40.073576 -40.657447 -0.455278 0.017635 -0.006942 0.172679 0.984796
1628249929.908019 40.459539 -40.556525 -0.448762 0.017406 -0.008610 0.271665 0.962196
1628249930.208585 40.834250 -40.370463 -0.441034 0.015699 -0.006809 0.373420 0.927505
1628249930.609359 41.267454 -39.965673 -0.438221 0.009561 -0.001637 0.462596 0.886516
1628249931.711524 41.810893 -39.116924 -0.412662 -0.003266 0.005260 0.488361 0.872619
1628249936.019900 41.530096 -39.744469 -0.424950 0.000832 -0.004316 0.562654 0.826681
1628249937.522686 41.407812 -40.282748 -0.432981 0.001174 -0.008877 0.633475 0.773712
1628249940.428529 41.380430 -40.691172 -0.446585 0.008137 -0.018251 0.698704 0.715132
1628249941.330257 41.357496 -39.564207 -0.430469 0.005237 -0.009122 0.755755 0.654771
1628249942.031603 41.193518 -38.537791 -0.416245 0.003712 0.001496 0.793632 0.608385
1628249943.334224 40.908838 -37.546166 -0.409419 0.001661 0.000129 0.832881 0.553449
1628249944.436321 40.554396 -36.757286 -0.404117 0.005746 -0.002311 0.882344 0.470565
1628249945.340007 39.927182 -35.892667 -0.390791 0.004123 -0.001397 0.919742 0.392500
1628249946.239792 39.182200 -35.174738 -0.381453 0.006571 -0.002539 0.949031 0.315105
1628249947.241771 38.313007 -34.554289 -0.372631 0.005754 -0.003387 0.971189 0.238216
1628249948.143676 37.383519 -34.092841 -0.360897 0.004078 -0.000358 0.986474 0.163867
1628249948.945076 36.383258 -33.802347 -0.352866 0.003773 0.000243 0.993618 0.112736
1628249949.746628 35.295695 -33.537277 -0.343941 0.003830 -0.006622 0.982362 0.186831
1628249950.448002 34.370728 -33.173206 -0.337227 0.003487 -0.007457 0.961941 0.273133
1628249951.149515 33.476177 -32.616663 -0.328480 0.003896 -0.008838 0.930615 0.365872
1628249951.850725 32.663861 -31.843885 -0.316157 0.005133 -0.009229 0.907567 0.419774
1628249952.451901 31.964725 -31.024033 -0.309159 0.005824 -0.008871 0.889367 0.457071
1628249953.053823 31.311053 -30.058892 -0.297914 0.005600 -0.005074 0.896033 0.443922
1628249953.654295 30.571836 -29.150364 -0.288706 0.003972 -0.003009 0.912268 0.409564
1628249954.155206 29.896686 -28.408760 -0.275295 0.002699 -0.003778 0.921123 0.389244
1628249954.656199 29.193593 -27.681714 -0.272082 0.002624 -0.004460 0.930226 0.366950
1628249955.157159 28.429250 -27.000966 -0.266470 0.001923 -0.005984 0.937023 0.349212
1628249955.658142 27.636196 -26.323370 -0.262664 0.001271 -0.005805 0.942781 0.333360
1628249956.158317 26.834558 -25.673995 -0.250876 0.000296 -0.005248 0.948736 0.316027
1628249956.660075 25.977783 -25.064059 -0.254876 -0.001078 -0.005888 0.953752 0.300535
1628249957.161077 25.116009 -24.484838 -0.254281 0.000183 -0.007649 0.957524 0.288252
1628249957.662054 24.258886 -23.931178 -0.250018 0.000666 -0.009028 0.958818 0.283877
1628249958.163034 23.363045 -23.385846 -0.239888 -0.001655 -0.011209 0.947622 0.319194
1628249958.664021 22.525626 -22.778305 -0.246989 -0.002809 -0.014524 0.926223 0.376687
1628249959.164966 21.786083 -22.044994 -0.233995 -0.000390 -0.013819 0.910263 0.413800
1628249959.665966 21.087332 -21.260340 -0.230336 -0.001732 -0.010726 0.895368 0.445195
1628249960.166972 20.446692 -20.437006 -0.222991 0.001300 -0.010864 0.879970 0.474903
1628249960.667910 19.866845 -19.561009 -0.209718 0.000313 -0.008963 0.867852 0.496743
1628249961.168866 19.336944 -18.663500 -0.203348 0.002076 0.000722 0.903711 0.428137
1628249961.669857 18.640895 -17.871949 -0.203032 0.000885 0.000956 0.935347 0.353729
1628249962.271026 17.736112 -17.106437 -0.191619 0.000270 0.001149 0.963066 0.269263
1628249962.872216 16.855064 -16.599503 -0.174238 -0.003752 0.003285 0.982922 0.183953
1628249963.673851 15.976018 -16.278150 -0.188233 -0.007608 -0.000841 0.995396 0.095537
1628249964.375162 15.392556 -16.148692 -0.185202 -0.008223 -0.004006 0.999951 0.003754
1628249966.579432 15.319715 -16.088751 -0.186308 -0.009786 -0.009422 0.995427 -0.094556
1628249967.180814 15.741503 -15.918289 -0.183616 -0.004656 -0.009711 0.982413 -0.186413
1628249967.781955 16.126311 -15.669025 -0.181258 -0.003664 -0.005629 0.960556 -0.278005
1628249968.483112 16.487781 -15.344756 -0.178384 -0.001745 -0.003519 0.928414 -0.371526
1628249969.184489 16.737099 -15.001932 -0.174153 -0.001681 -0.006172 0.891936 -0.452116
1628249970.386837 16.692990 -14.981079 -0.179879 -0.006110 -0.002606 -0.838366 0.545067
1628249970.687407 16.497812 -15.305707 -0.183276 -0.002869 -0.009797 -0.767025 0.641536
1628249970.887802 16.408770 -15.571703 -0.176610 0.006295 -0.009718 -0.701743 0.712336
1628249971.188189 16.382526 -16.043377 -0.187232 0.009572 -0.009108 -0.624020 0.781296
1628249971.889782 16.648991 -17.075716 -0.192151 0.013322 0.005502 -0.580047 0.814455
1628249973.593074 16.984553 -18.053449 -0.213656 0.007535 -0.004472 -0.538974 0.842277
1628249973.993861 17.127246 -18.440735 -0.221669 0.009500 -0.005980 -0.459308 0.888206
1628249974.695217 17.695838 -19.186384 -0.226963 0.007634 -0.007157 -0.371795 0.928256
1628249975.396586 18.449504 -19.875094 -0.225938 0.012067 -0.006288 -0.295611 0.955212
1628249976.198535 19.404375 -20.486761 -0.229431 0.012314 -0.000712 -0.298431 0.954352
1628249976.999709 20.285033 -21.104873 -0.236256 0.010742 -0.003930 -0.338638 0.940847
1628249977.801377 21.144408 -21.801549 -0.240767 0.010583 -0.002285 -0.373801 0.927446
1628249978.502641 21.901710 -22.506653 -0.248653 0.010682 -0.004381 -0.404359 0.914527
1628249979.206210 22.677111 -23.353809 -0.257313 0.010646 -0.003867 -0.430639 0.902453
1628249979.805167 23.338152 -24.155053 -0.265509 0.009486 0.000075 -0.446836 0.894566
1628249980.407408 24.004704 -24.993788 -0.271104 0.008498 -0.001080 -0.428213 0.903637
1628249981.007512 24.689190 -25.823083 -0.276570 0.007671 -0.004571 -0.381415 0.924361
1628249981.608680 25.461104 -26.547979 -0.281919 0.008798 -0.002569 -0.348148 0.937395
1628249982.209884 26.280864 -27.240391 -0.285738 0.006784 -0.001786 -0.351904 0.936010
1628249982.811031 27.138619 -27.955433 -0.288304 0.005359 -0.002320 -0.354171 0.935163
1628249983.412215 28.001503 -28.694699 -0.293846 0.002696 -0.000901 -0.353967 0.935254
1628249984.013395 28.887753 -29.455553 -0.295585 0.005385 0.000090 -0.366375 0.930452
1628249984.614621 29.743905 -30.225888 -0.301369 0.005996 0.001421 -0.386910 0.922097
1628249985.215714 30.565581 -31.037533 -0.309644 0.005238 0.002075 -0.400098 0.916455
1628249985.817213 31.372151 -31.875629 -0.325895 0.008353 0.003035 -0.411996 0.911142
1628249986.418065 32.176228 -32.755743 -0.344848 0.007939 0.000282 -0.422161 0.906486
1628249986.921875 32.848037 -33.532433 -0.350501 0.008873 0.001167 -0.429602 0.902974
1628249987.420209 33.482530 -34.316527 -0.366832 0.009045 0.002357 -0.436794 0.899513
1628249987.920959 34.130766 -35.106411 -0.376634 0.010849 0.002423 -0.429912 0.902802
1628249988.421480 34.798981 -35.890959 -0.394299 0.008885 -0.005681 -0.407948 0.912944
1628249988.922927 35.486491 -36.620260 -0.406002 0.016285 0.004409 -0.358919 0.933216
1628249989.423877 36.240875 -37.308034 -0.418967 0.016004 -0.000589 -0.299601 0.953930
1628249989.924885 37.080000 -37.861353 -0.438719 0.013262 0.000183 -0.272896 0.961952
1628249990.425853 37.948090 -38.373831 -0.436537 0.007937 0.001279 -0.328538 0.944456
1628249990.826663 38.632770 -38.866286 -0.434839 0.003661 0.004961 -0.409679 0.912209
1628249991.427819 39.384032 -39.755754 -0.458608 0.007142 0.004309 -0.470803 0.882199
1628249992.028979 40.040326 -40.661776 -0.472937 0.015492 0.001584 -0.422302 0.906321
1628249992.630193 40.604519 -41.370112 -0.479790 0.019028 -0.002471 -0.331875 0.943128
1628249993.231353 41.145837 -41.808210 -0.481329 0.016418 -0.003875 -0.239644 0.970714
1628249993.732304 41.566503 -42.033931 -0.481668 0.013669 -0.005317 -0.152867 0.988138
1628249994.233490 42.061790 -42.212179 -0.479338 0.011742 -0.004878 -0.047779 0.998777
1628249994.634209 42.515240 -42.277436 -0.473672 0.011804 -0.005859 0.051588 0.998582
1628249995.035385 43.032468 -42.239058 -0.468052 0.013058 -0.005202 0.159382 0.987117
1628249995.335851 43.429397 -42.134510 -0.464197 0.012445 -0.005920 0.249756 0.968211
1628249995.636022 43.820048 -41.960882 -0.450479 0.011073 -0.003928 0.348151 0.937365
1628249996.437600 44.544685 -41.210134 -0.438182 0.000370 -0.001103 0.404180 0.914679
1628250002.149507 44.264616 -41.670968 -0.446748 0.001094 -0.006434 0.482482 0.875882
1628250014.773322 44.702490 -40.746425 -0.430826 0.000516 -0.004699 0.524515 0.851388
1628250019.081706 44.638449 -41.057571 -0.437886 -0.001515 -0.004628 0.597008 0.802220
1628250019.783052 44.578128 -41.508365 -0.444597 -0.002312 -0.008814 0.668001 0.744104
1628250020.484419 44.612802 -41.985109 -0.451131 0.000002 -0.007471 0.740008 0.672557
1628250021.085410 44.712970 -42.386860 -0.451996 -0.001633 -0.008235 0.796701 0.604316
1628250021.686764 44.893681 -42.743875 -0.457463 -0.001685 -0.009928 0.847023 0.531461
1628250022.388123 45.174043 -43.117437 -0.460137 -0.002195 -0.012414 0.891428 0.452987
1628250023.991278 44.887721 -42.719857 -0.454924 0.004012 -0.010699 0.932509 0.360966
1628250024.792818 44.062767 -42.056039 -0.455896 0.000686 -0.008088 0.953022 0.302791
1628250025.594389 43.226048 -41.487284 -0.451086 -0.000770 -0.007810 0.952398 0.304757
1628250026.496135 42.362179 -40.895613 -0.453334 0.001653 -0.010483 0.952972 0.302873
1628250027.297687 41.493031 -40.298995 -0.447966 -0.000908 -0.011588 0.953915 0.299851
1628250027.999069 40.603689 -39.710765 -0.452477 0.000458 -0.012141 0.955457 0.294881
1628250028.700423 39.649098 -39.076131 -0.442473 0.001880 -0.011160 0.955937 0.293354
1628250029.402007 38.705969 -38.461654 -0.437349 0.001174 -0.010856 0.956137 0.292716
1628250030.103182 37.738625 -37.841734 -0.433873 0.003278 -0.012601 0.953887 0.299883
1628250030.704394 36.867579 -37.246804 -0.417441 0.003014 -0.013313 0.946104 0.323576
1628250031.306055 35.996015 -36.602024 -0.405448 0.006697 -0.014979 0.936630 0.349936
1628250031.906672 35.114464 -35.849269 -0.381905 -0.003231 -0.012222 0.925113 0.379480
1628250032.507870 34.253002 -35.022654 -0.388795 0.001867 -0.014837 0.911906 0.410126
1628250033.109040 33.475224 -34.116699 -0.369101 0.001151 -0.014000 0.901259 0.433053
1628250033.610042 32.792050 -33.343577 -0.351175 0.000649 -0.012939 0.893753 0.448371
1628250034.110985 32.182192 -32.519143 -0.334790 0.003550 -0.011663 0.886518 0.462534
1628250034.611997 31.576944 -31.719183 -0.320582 0.004323 -0.007804 0.886463 0.462714
1628250035.112918 30.960714 -30.865938 -0.309829 0.003402 -0.008966 0.901234 0.433227
1628250035.714095 30.190316 -29.954088 -0.300101 0.002083 -0.005082 0.917999 0.396545
1628250036.215471 29.467211 -29.187570 -0.288461 0.000689 -0.004843 0.931837 0.362843
1628250036.716071 28.694249 -28.482398 -0.281872 -0.000066 -0.006158 0.943719 0.330690
1628250037.217043 27.909149 -27.854318 -0.283293 -0.001177 -0.009946 0.942632 0.333683
1628250037.717997 27.091218 -27.216391 -0.283715 -0.001665 -0.011966 0.932840 0.360089
1628250038.218977 26.288498 -26.527803 -0.274185 -0.001070 -0.012238 0.925071 0.379596
1628250038.719946 25.537006 -25.795755 -0.268491 -0.004143 -0.011046 0.917581 0.397373
1628250039.221847 24.789758 -25.051099 -0.275468 -0.000928 -0.012652 0.910553 0.413197
1628250039.720994 24.102653 -24.280355 -0.257963 -0.000348 -0.012303 0.903248 0.428942
1628250040.222909 23.442467 -23.476452 -0.248649 -0.000647 -0.010506 0.896022 0.443885
1628250040.723848 22.782479 -22.644191 -0.246670 -0.001320 -0.010024 0.888778 0.458227
1628250041.225143 22.150716 -21.793942 -0.236414 0.000625 -0.010203 0.883980 0.467413
1628250041.725797 21.560166 -20.932547 -0.223745 -0.000800 -0.006531 0.890294 0.455339
1628250042.226802 20.933835 -20.091559 -0.217577 0.002095 -0.004541 0.911916 0.410346
1628250042.727793 20.238987 -19.307159 -0.212904 0.002302 -0.002061 0.932575 0.360963
1628250043.228807 19.457184 -18.621237 -0.200713 0.000450 -0.001111 0.948467 0.316872
1628250043.729708 18.631691 -18.019707 -0.201482 -0.000768 -0.004329 0.946497 0.322682
1628250044.230695 17.783961 -17.388479 -0.201874 -0.000106 -0.006576 0.932605 0.360839
1628250044.731714 17.016583 -16.681928 -0.198452 0.002572 -0.010388 0.912324 0.409330
1628250045.232643 16.310166 -15.905531 -0.177895 -0.005697 -0.005447 0.885866 0.463875
1628250045.733618 15.722769 -15.095529 -0.183406 0.000276 -0.011222 0.855885 0.517044
1628250046.234923 15.219971 -14.172785 -0.166175 -0.000513 -0.009265 0.829936 0.557781
1628250046.837342 14.768089 -13.110077 -0.155085 -0.003098 -0.004165 0.828315 0.560238
1628250048.639276 14.391474 -12.167105 -0.144647 0.005489 -0.012117 0.877147 0.480037
1628250049.140261 14.168785 -11.777529 -0.140305 0.010039 -0.008747 0.917975 0.396415
1628250049.541072 13.850876 -11.390011 -0.126052 0.013033 -0.005766 0.953347 0.301541
1628250049.941818 13.395665 -11.030955 -0.117378 -0.004438 0.002161 0.979100 0.203318
1628250050.342643 12.868114 -10.782739 -0.125753 -0.003034 0.002023 0.994482 0.104847
1628250050.743399 12.302204 -10.637221 -0.130386 -0.004639 0.002833 0.999943 0.009191
1628250051.144164 11.751177 -10.616751 -0.133889 -0.007192 0.002435 0.996782 -0.079801
1628250051.645134 11.137271 -10.699442 -0.137847 -0.007143 0.000455 0.982813 -0.184466
1628250052.146128 10.577482 -10.905345 -0.149351 -0.011126 -0.001471 0.958459 -0.285009
1628250052.647085 10.098779 -11.210522 -0.160974 -0.011480 -0.001366 0.922622 -0.385532
1628250053.047898 9.743069 -11.511416 -0.176624 -0.016282 0.000841 0.884468 -0.466316
1628250053.448657 9.449964 -11.897038 -0.193316 0.015833 -0.003191 -0.834222 0.551192
1628250053.849452 9.248367 -12.322745 -0.201854 0.015202 -0.005148 -0.772276 0.635084
1628250054.250314 9.137335 -12.775094 -0.208139 0.016709 -0.006970 -0.699704 0.714203
1628250054.650989 9.109705 -13.226779 -0.214993 0.018062 -0.007116 -0.623618 0.781488
1628250055.252164 9.267352 -13.926051 -0.225778 0.016734 -0.008010 -0.544588 0.838499
1628250055.853643 9.553939 -14.565455 -0.231604 0.015008 -0.012537 -0.463856 0.885695
1628250056.456764 9.975080 -15.170913 -0.230024 0.022304 -0.002289 -0.379111 0.925080
1628250057.055702 10.480682 -15.670886 -0.234774 0.020056 -0.004676 -0.287784 0.957474
1628250057.657218 11.076311 -16.068106 -0.239459 0.019448 -0.006046 -0.203231 0.978919
1628250058.558612 12.060814 -16.423892 -0.236866 0.015840 -0.005974 -0.197925 0.980071
1628250059.460378 13.016524 -16.847770 -0.232611 0.015591 -0.004757 -0.219580 0.975458
1628250060.362134 13.943421 -17.239271 -0.231917 0.013114 -0.004561 -0.253932 0.967122
1628250061.263980 14.817433 -17.753651 -0.231268 0.013177 -0.004428 -0.315696 0.948759
1628250062.266119 15.647031 -18.415145 -0.237342 0.014610 -0.001438 -0.349979 0.936643
1628250063.267800 16.496514 -19.061449 -0.239041 0.012189 -0.004734 -0.277916 0.960517
1628250064.169582 17.387451 -19.610084 -0.237597 0.008661 -0.006664 -0.334485 0.942338
1628250064.870919 18.200460 -20.276465 -0.244243 0.010469 -0.004313 -0.377477 0.925950
1628250065.472072 18.970330 -21.001232 -0.249906 0.009891 -0.002117 -0.413486 0.910454
1628250066.073378 19.736076 -21.858020 -0.258585 0.008601 -0.002177 -0.447839 0.894070
1628250066.674423 20.423672 -22.762748 -0.267320 0.009105 0.000310 -0.486133 0.873837
1628250067.275592 20.974219 -23.720339 -0.276655 0.011457 -0.003217 -0.477377 0.878618
1628250067.776575 21.476650 -24.479700 -0.291264 0.017135 -0.003894 -0.385316 0.922618
1628250068.277589 22.116034 -25.085450 -0.293336 0.017848 -0.004230 -0.286971 0.957764
1628250068.878742 23.011966 -25.652144 -0.293371 0.013943 -0.003721 -0.240564 0.970526
1628250069.479894 23.948439 -26.118940 -0.294782 0.011492 -0.005300 -0.236108 0.971645
1628250070.081096 24.909416 -26.598296 -0.293686 0.010255 -0.005953 -0.230913 0.972902
1628250070.682241 25.911258 -27.092569 -0.283580 0.009981 -0.002776 -0.225632 0.974157
1628250071.283429 26.980400 -27.593865 -0.289804 0.014362 -0.004933 -0.155076 0.987786
1628250071.884587 28.113252 -27.911613 -0.289928 0.004244 -0.002157 -0.164668 0.986338
1628250072.385549 29.082735 -28.230750 -0.283959 -0.000824 -0.000357 -0.248092 0.968736
1628250072.886572 29.974584 -28.696665 -0.285664 -0.003236 0.003894 -0.328531 0.944480
1628250073.487718 30.861926 -29.398056 -0.291597 -0.000574 0.007373 -0.375732 0.926699
1628250074.189090 31.662184 -30.173121 -0.305308 0.000598 0.007162 -0.411001 0.911606
1628250075.191025 32.363164 -30.969531 -0.318165 0.002977 0.007120 -0.437161 0.899350
1628250076.493652 33.016911 -31.784774 -0.330142 0.001551 0.004689 -0.460034 0.887887
1628250077.495554 33.613967 -32.622198 -0.337112 0.002550 0.005082 -0.480158 0.877164
1628250078.697850 34.163383 -33.470019 -0.355890 0.006244 0.007734 -0.498536 0.866812
1628250081.503343 34.682174 -34.341549 -0.366348 0.006575 0.007799 -0.513502 0.858028
1628250085.110820 35.211895 -35.309258 -0.383939 0.005665 -0.003408 -0.507783 0.861460
1628250086.012740 35.769929 -36.275752 -0.397107 0.012544 0.002030 -0.417442 0.908615
1628250086.613536 36.250818 -36.857078 -0.414270 0.014246 -0.000153 -0.336040 0.941740
1628250087.414853 37.066814 -37.451167 -0.422562 0.012669 -0.000777 -0.276152 0.961030
1628250088.116300 37.913979 -37.989272 -0.433673 0.008133 0.000152 -0.341772 0.939748
1628250088.817572 38.794928 -38.743956 -0.447341 0.008269 0.000836 -0.402264 0.915486
1628250089.419177 39.546754 -39.554927 -0.456861 0.010758 -0.002003 -0.386462 0.922241
1628250090.019990 40.385507 -40.376734 -0.462476 0.013126 -0.004218 -0.357270 0.933899
1628250090.621092 41.282370 -41.143407 -0.475545 0.011945 -0.005007 -0.327009 0.944933
1628250091.222277 42.226669 -41.875843 -0.475119 0.009773 -0.003879 -0.291842 0.956409
1628250091.723248 43.033382 -42.415568 -0.477792 0.013743 -0.004750 -0.202698 0.979133
1628250092.124022 43.720665 -42.725021 -0.474266 0.016899 -0.004344 -0.096157 0.995213
1628250092.528740 44.447364 -42.890701 -0.471029 0.016685 -0.004749 0.017645 0.999694
1628250092.925608 45.173932 -42.866755 -0.464924 0.013675 -0.002166 0.125604 0.991984
1628250093.626958 46.240163 -42.519487 -0.447333 0.005278 0.000531 0.150134 0.988651
1628250097.235183 45.821557 -42.729562 -0.454282 -0.001728 -0.005876 0.235614 0.971827
1628250098.136216 45.384296 -43.059756 -0.462617 0.000553 -0.001954 0.320748 0.947162
1628250098.837107 45.032284 -43.438626 -0.468472 0.000804 -0.007406 0.406430 0.913651
1628250100.239841 44.772965 -43.849163 -0.489641 0.010307 -0.017896 0.496113 0.868012
1628250100.640865 44.998760 -43.572749 -0.487141 0.011934 -0.012956 0.586328 0.809883
1628250100.941204 45.138402 -43.242281 -0.474503 0.011988 -0.009255 0.676043 0.736707
1628250101.241817 45.200099 -42.839142 -0.467465 0.010721 -0.000826 0.764453 0.644589
1628250101.542384 45.165554 -42.409289 -0.465918 0.010907 0.002788 0.838233 0.545195
1628250101.844675 45.022580 -41.976877 -0.455154 0.006249 0.002753 0.894019 0.447977
1628250102.343936 44.550191 -41.401393 -0.449758 0.001202 -0.001476 0.930978 0.365070
1628250103.145510 43.776779 -40.692169 -0.442987 -0.000697 -0.002014 0.951985 0.306137
1628250104.347844 42.849561 -40.122939 -0.448200 0.002141 -0.003706 0.956461 0.291830
1628250105.249732 41.999114 -39.500461 -0.443228 0.000980 -0.004779 0.944849 0.327471
1628250105.950982 41.185323 -38.861411 -0.434827 0.001831 -0.003985 0.952544 0.304368
1628250106.652481 40.230366 -38.245389 -0.435926 0.001676 -0.005525 0.970784 0.239886
1628250107.353708 39.214183 -37.727215 -0.429913 0.002539 -0.007009 0.974226 0.225452
1628250107.954918 38.299870 -37.303160 -0.418859 0.005043 -0.005802 0.975345 0.220552
1628250108.556036 37.313286 -36.847059 -0.411997 0.003848 -0.009932 0.971859 0.235321
1628250109.157227 36.296230 -36.331847 -0.405289 0.003682 -0.008239 0.983832 0.178867
1628250109.757836 35.158487 -35.966864 -0.394473 -0.004789 -0.006152 0.985701 0.168321
1628250110.263483 34.197330 -35.664169 -0.395970 -0.001711 -0.020099 0.966098 0.257386
1628250110.660155 33.519646 -35.309883 -0.389446 0.000560 -0.022934 0.936397 0.350192
1628250111.061455 32.905318 -34.807715 -0.384608 -0.003070 -0.022343 0.896480 0.442510
1628250111.662101 32.250943 -33.892438 -0.368845 -0.002572 -0.018449 0.851843 0.523466
1628250112.263274 31.708546 -32.869488 -0.355093 0.001373 -0.017828 0.833866 0.551678
1628250112.864444 31.262557 -31.790053 -0.333892 0.001432 -0.010993 0.835009 0.550124
1628250113.365443 30.850725 -30.878977 -0.313991 0.002663 -0.009377 0.838655 0.544577
1628250113.866389 30.436697 -29.945882 -0.302235 0.003429 -0.004334 0.855803 0.517272
1628250114.367418 29.938017 -29.034360 -0.294897 0.003365 -0.001143 0.889380 0.457154
1628250114.868605 29.339179 -28.221598 -0.288819 0.002519 -0.001471 0.919891 0.392163
1628250115.369721 28.593312 -27.482423 -0.276485 0.000965 -0.004295 0.932733 0.360542
1628250115.870301 27.805545 -26.793347 -0.270081 0.001945 -0.005707 0.932449 0.361251
1628250116.371293 27.039491 -26.110926 -0.266773 0.000635 -0.005218 0.934165 0.356803
1628250116.872250 26.257109 -25.438466 -0.265424 0.000204 -0.005918 0.933568 0.358352
1628250117.373578 25.455863 -24.750947 -0.261491 -0.001108 -0.009697 0.917067 0.398614
1628250117.874215 24.706784 -23.982505 -0.249078 -0.000043 -0.010838 0.896611 0.442687
1628250118.375226 24.086173 -23.150261 -0.249031 -0.000652 -0.009846 0.877477 0.479517
1628250118.876228 23.513487 -22.288674 -0.236865 -0.000325 -0.009889 0.858655 0.512458
1628250119.377252 23.055048 -21.337691 -0.222539 0.002075 -0.006152 0.875391 0.483372
1628250119.778448 22.611147 -20.638431 -0.225348 0.003794 0.003700 0.925694 0.378236
1628250120.078547 22.181154 -20.189609 -0.218099 0.001561 0.007154 0.958254 0.285823
1628250120.379115 21.684759 -19.824678 -0.229555 0.000061 0.008311 0.981810 0.189686
1628250120.880136 20.723830 -19.477446 -0.222379 0.000311 0.000912 0.990901 0.134586
1628250121.280863 19.933273 -19.324012 -0.219011 0.000016 -0.014197 0.974674 0.223181
1628250121.681658 19.188573 -18.972395 -0.206468 -0.003386 -0.015284 0.944639 0.327739
1628250122.082421 18.543921 -18.487915 -0.213986 -0.005183 -0.015832 0.906034 0.422877
1628250122.589082 17.884192 -17.691968 -0.202913 -0.002157 -0.010862 0.889695 0.456420
1628250123.084367 17.289766 -16.882084 -0.201503 0.007151 -0.012391 0.882329 0.470415
1628250123.685533 16.621930 -15.900709 -0.187527 -0.001496 -0.006236 0.874821 0.484404
1628250124.286710 16.028628 -14.945388 -0.175099 0.003220 0.001265 0.914870 0.403734
1628250124.687497 15.527011 -14.384109 -0.171206 0.005343 0.004501 0.954377 0.298524
1628250125.088278 14.945508 -13.956619 -0.164163 0.001525 0.004971 0.981673 0.190504
1628250125.489058 14.313417 -13.675464 -0.163584 -0.002881 0.004280 0.996958 0.077766
1628250125.789639 13.836107 -13.564735 -0.163172 -0.006182 0.005915 0.999868 -0.013813
1628250126.090222 13.365820 -13.553445 -0.175043 -0.009313 0.004881 0.994068 -0.108247
1628250126.391134 12.917854 -13.605016 -0.172408 -0.012578 0.003622 0.978359 -0.206500
1628250126.691407 12.522763 -13.733654 -0.177798 -0.009554 0.004363 0.953765 -0.300371
1628250127.593161 11.700342 -14.422146 -0.199110 -0.014818 -0.012196 0.971118 -0.237828
1628250130.699206 12.027474 -14.142542 -0.184319 -0.011703 -0.008218 0.943104 -0.332189
1628250131.300414 12.220065 -13.839222 -0.184826 -0.007790 -0.009178 0.909639 -0.415226
1628250132.001741 12.414578 -13.515049 -0.177178 -0.007977 -0.006623 0.868191 -0.496121
1628250132.803393 12.524754 -13.177635 -0.175643 0.008641 0.010187 -0.821030 0.570729
1628250133.705055 12.567818 -12.779626 -0.158550 0.009149 0.005918 -0.762140 0.647321
1628250134.506631 12.529225 -12.414785 -0.153577 0.007845 0.006826 -0.695584 0.718370
1628250135.208042 12.452494 -12.053821 -0.143281 0.010719 0.006046 -0.621485 0.783329
1628250135.809196 12.298002 -11.736138 -0.143806 0.002271 0.001650 -0.541837 0.840479
1628250137.211926 12.392494 -11.975415 -0.155327 0.007421 -0.006095 -0.451336 0.892302
1628250138.013791 13.156706 -12.820843 -0.171419 0.005639 -0.001912 -0.405781 0.913951
1628250138.614681 13.699502 -13.419521 -0.164948 0.003667 0.003634 -0.488523 0.872536
1628250139.616602 14.222415 -14.322857 -0.181314 0.002752 -0.002362 -0.513581 0.858033
1628250140.418156 14.751683 -15.248895 -0.183554 0.006647 -0.000496 -0.426793 0.904325
1628250141.019322 15.468703 -16.060997 -0.196376 0.006161 -0.009409 -0.355056 0.934777
1628250141.620228 16.327800 -16.784741 -0.201410 0.008968 0.001751 -0.335798 0.941890
1628250142.221944 17.226209 -17.463457 -0.204663 0.010016 -0.002798 -0.236894 0.971480
1628250142.822849 18.263600 -17.977832 -0.203480 0.001389 -0.002149 -0.271254 0.962504
1628250143.323854 19.122496 -18.459374 -0.211576 -0.002603 0.000856 -0.357638 0.933856
1628250143.824820 19.856031 -19.102050 -0.213127 -0.005193 0.005286 -0.453155 0.891401
1628250144.325781 20.462610 -19.906691 -0.217583 -0.002932 0.006120 -0.526620 0.850074
1628250144.927021 20.983443 -20.978923 -0.237331 0.003004 0.001350 -0.535624 0.844450
1628250145.528123 21.534227 -22.034334 -0.250842 0.011613 0.001219 -0.502783 0.864334
1628250146.129298 22.110489 -22.992291 -0.259305 0.010821 0.000774 -0.473965 0.880477
1628250146.830693 22.734427 -23.890664 -0.266915 0.009912 0.003088 -0.445185 0.895378
1628250148.133329 23.377669 -24.705870 -0.279725 0.008756 0.002164 -0.420146 0.907412
1628250150.237331 24.096062 -25.520821 -0.285803 0.007266 -0.003364 -0.389226 0.921108
1628250151.139069 24.862686 -26.270185 -0.288360 0.008869 -0.003056 -0.357560 0.933843
1628250151.940629 25.643504 -26.945569 -0.292699 0.008208 -0.001990 -0.333523 0.942704
1628250152.742187 26.484089 -27.572667 -0.297081 0.007977 -0.002490 -0.348690 0.937201
1628250153.443574 27.327280 -28.288569 -0.305567 0.005032 -0.003743 -0.377053 0.926171
1628250154.045208 28.072759 -28.989332 -0.304192 0.006711 -0.001083 -0.394425 0.918903
1628250154.645904 28.819830 -29.760877 -0.306938 0.008798 -0.000649 -0.410371 0.911876
1628250155.247059 29.564020 -30.581675 -0.315025 0.011227 0.000007 -0.407926 0.912946
1628250155.848245 30.327122 -31.435603 -0.332122 0.014517 -0.000540 -0.358530 0.933405
1628250156.449452 31.144647 -32.115841 -0.344849 0.016527 -0.000702 -0.287768 0.957557
1628250157.050587 32.084248 -32.712319 -0.353462 0.012134 -0.001709 -0.246386 0.969094
1628250157.652775 33.111803 -33.235889 -0.352829 0.001303 0.001988 -0.314002 0.949419
1628250158.152869 33.918529 -33.833877 -0.360914 0.000531 0.004649 -0.368489 0.929620
1628250158.654264 34.674541 -34.492738 -0.378421 0.002627 0.005204 -0.408883 0.912568
1628250159.154699 35.356243 -35.257880 -0.392349 0.002907 -0.002692 -0.442889 0.896568
1628250159.655508 35.972377 -36.046588 -0.406462 0.006656 0.004531 -0.466804 0.884324
1628250160.156647 36.489461 -36.920599 -0.418529 0.012580 0.002616 -0.436021 0.899845
1628250160.657605 37.132408 -37.735855 -0.435139 0.014977 0.000284 -0.355432 0.934582
1628250161.158624 37.962368 -38.363180 -0.443823 0.016513 -0.000919 -0.276248 0.960944
1628250161.662082 38.847724 -38.855911 -0.455851 0.013722 0.000397 -0.249559 0.968262
1628250162.160548 39.730726 -39.328458 -0.455197 0.009682 -0.001419 -0.288557 0.957413
1628250162.761720 40.721674 -39.958035 -0.459391 0.006293 0.000863 -0.384707 0.923017
1628250163.463088 41.452471 -40.791807 -0.467554 0.009878 0.002238 -0.446188 0.894882
1628250164.164486 42.070367 -41.606500 -0.478903 0.010097 0.000267 -0.384654 0.923006
1628250164.565250 42.456176 -42.019506 -0.484998 0.011311 -0.003498 -0.299468 0.954033
1628250164.865824 42.794302 -42.302450 -0.487655 0.014144 -0.005404 -0.201382 0.979396
1628250165.166411 43.178868 -42.527528 -0.487623 0.017480 -0.006240 -0.083825 0.996308
1628250165.467275 43.636714 -42.637710 -0.479253 0.019151 -0.005997 0.045270 0.998773
1628250165.767586 44.132600 -42.607842 -0.481454 0.019461 -0.005824 0.164744 0.986127
1628250166.468950 45.092557 -42.214847 -0.455704 0.001424 0.000880 0.151570 0.988445
1628250169.274415 44.743147 -42.419204 -0.462208 0.002733 0.000413 0.241835 0.970313
1628250170.176171 44.382892 -42.703777 -0.469007 0.001335 -0.004720 0.328434 0.944514
1628250170.877532 44.075526 -43.067936 -0.483209 0.000354 -0.006900 0.422182 0.906485
1628250171.478724 43.862666 -43.442835 -0.490930 0.000578 -0.009369 0.508199 0.861189
1628250172.881467 43.946507 -43.379879 -0.494636 0.009475 -0.014665 0.598986 0.800569
1628250173.182361 44.069144 -43.096704 -0.486961 0.009193 -0.011743 0.669744 0.742443
1628250173.483265 44.131183 -42.735096 -0.473495 0.008514 -0.006597 0.745196 0.666759
1628250173.783279 44.121188 -42.346103 -0.473967 0.006311 -0.002871 0.815578 0.578606
1628250174.084739 44.025823 -41.949414 -0.462474 0.004555 0.001098 0.868050 0.496455
1628250174.584400 43.695124 -41.343632 -0.462762 0.003876 0.000117 0.912280 0.409548
1628250175.386514 42.986962 -40.632838 -0.458620 0.003125 -0.003353 0.943118 0.332428
1628250176.288285 42.142379 -39.989565 -0.451025 0.000453 -0.003386 0.953737 0.300623
1628250177.089648 41.283306 -39.408658 -0.448825 0.001890 -0.008237 0.929871 0.367790
1628250177.791040 40.441339 -38.604039 -0.435774 0.003724 -0.009289 0.925097 0.379598
1628250178.392198 39.668637 -37.852689 -0.434393 0.004194 -0.005822 0.948704 0.316083
1628250178.993385 38.699017 -37.180413 -0.430343 0.004614 -0.007911 0.965637 0.259734
1628250179.494352 37.811043 -36.696347 -0.420081 0.004697 -0.009257 0.963781 0.266493
1628250179.995310 36.936812 -36.195963 -0.405718 0.002870 -0.012144 0.948665 0.316037
1628250180.596484 35.993729 -35.503226 -0.398608 0.000752 -0.016467 0.921422 0.388214
1628250181.097484 35.297724 -34.767192 -0.379941 0.001714 -0.012397 0.911461 0.411195
1628250181.598457 34.610585 -34.017180 -0.367243 0.003106 -0.009851 0.922300 0.386338
1628250182.200719 33.738189 -33.200818 -0.358831 0.002804 -0.006005 0.952510 0.304434
1628250182.700606 32.858658 -32.618837 -0.349581 0.001120 -0.010244 0.946504 0.322528
1628250183.201977 32.065884 -31.995650 -0.340615 0.002478 -0.011584 0.927711 0.373111
1628250183.702542 31.338924 -31.302985 -0.326991 0.000900 -0.011830 0.903131 0.429200
1628250184.203790 30.653303 -30.539321 -0.319482 0.002518 -0.013802 0.875124 0.483694
1628250184.704494 30.135205 -29.669808 -0.305966 0.001969 -0.005982 0.878667 0.477393
1628250185.205639 29.557651 -28.824401 -0.291430 0.001728 -0.001717 0.912203 0.409731
1628250185.706483 28.859130 -28.073943 -0.291107 0.002282 -0.000736 0.940123 0.340828
1628250186.207439 28.070212 -27.398109 -0.287479 -0.000630 -0.011085 0.916905 0.398951
1628250186.711187 27.328800 -26.645799 -0.278860 -0.002013 -0.014618 0.868592 0.495308
1628250187.209385 26.827397 -25.774189 -0.268440 0.000097 -0.008362 0.864921 0.501837
1628250187.712759 26.289800 -24.885499 -0.255986 0.001261 -0.003714 0.897382 0.441237
1628250188.211356 25.642823 -24.065150 -0.254281 0.001857 -0.003929 0.928519 0.371261
1628250188.712331 24.897696 -23.369199 -0.247103 0.001683 -0.006791 0.930761 0.365561
1628250189.213297 24.131309 -22.678217 -0.240681 0.000201 -0.006553 0.927638 0.373423
1628250189.714464 23.359491 -21.948402 -0.238607 0.000004 -0.006968 0.926677 0.375793
1628250190.215587 22.613186 -21.231230 -0.233383 0.000154 -0.007143 0.924963 0.379991
1628250190.716230 21.841367 -20.506372 -0.230445 -0.000969 -0.006364 0.920164 0.391480
1628250191.217195 21.101626 -19.750638 -0.218050 0.001000 -0.006690 0.918544 0.395260
1628250191.718157 20.371848 -18.992343 -0.219582 0.002039 -0.005637 0.917249 0.398269
1628250192.221636 19.650473 -18.245867 -0.205766 -0.000376 -0.004142 0.916215 0.400665
1628250192.721103 18.929436 -17.483415 -0.208316 -0.001389 -0.005110 0.915082 0.403234
1628250193.221087 18.215140 -16.718721 -0.195721 0.003430 -0.006033 0.913946 0.405777
1628250193.722075 17.508315 -15.939183 -0.187902 0.000871 -0.002130 0.913080 0.407774
1628250194.223049 16.790544 -15.166429 -0.177076 0.002283 -0.005404 0.913821 0.406074
1628250194.724043 16.077641 -14.386930 -0.171946 0.002076 -0.004195 0.914467 0.404634
1628250195.225044 15.370835 -13.625630 -0.160784 0.002693 -0.006161 0.915273 0.402779
1628250195.725995 14.663498 -12.884105 -0.159369 0.000790 -0.005822 0.917063 0.398698
1628250196.226950 13.932599 -12.145595 -0.153994 0.002335 -0.005429 0.933434 0.358700
1628250196.727972 13.179437 -11.402817 -0.126869 -0.008291 0.002740 0.961250 0.275539
1628250197.129748 12.494891 -10.982976 -0.131039 -0.003127 0.002199 0.982177 0.187921
1628250197.530143 11.778612 -10.690389 -0.145680 -0.005998 0.004031 0.995896 0.090214
1628250197.830092 11.220181 -10.559057 -0.141486 -0.006078 0.004529 0.999971 -0.000538
1628250198.130680 10.652133 -10.533194 -0.153749 -0.007498 0.004862 0.995485 -0.094496
1628250198.832054 9.558734 -10.824685 -0.165973 -0.008911 -0.006106 0.985661 -0.168392
1628250199.633597 8.584553 -11.167451 -0.182879 -0.013236 -0.014979 0.993555 -0.111576
1628250200.936143 7.769184 -11.358814 -0.203494 -0.008899 -0.018728 0.999495 -0.024063
1628250202.639467 7.234062 -11.392552 -0.215317 0.004856 -0.019515 0.997837 0.062591
1628250204.444034 6.140775 -11.221109 -0.228629 -0.001084 -0.018741 0.988623 0.149236
1628250205.144356 5.163703 -10.921728 -0.241699 0.007494 -0.017249 0.985299 0.169800
1628250205.745547 4.160592 -10.579975 -0.240744 0.003003 0.007653 0.984518 0.175092
1628250206.346708 3.108248 -10.208943 -0.185729 -0.009830 -0.009173 0.985237 0.170666
1628250206.947911 2.031599 -9.825022 -0.196282 -0.002692 -0.002686 0.988337 0.152234
1628250207.549081 0.951759 -9.513809 -0.192733 -0.008038 -0.011730 0.991869 0.126466
